Filename,y_true,y_pred,p0,p1,p2,p3,p4,p5,p6,p7,p8
20160928-140747-0.jpg,0,1,0.030404396,0.90011001,0.0002052152,0.00091883816,6.6408111e-05,0.0049241703,0.00021902679,0.060928455,0.0022234843
20160928-141437-0.jpg,0,5,0.052692828,0.052347984,0.0035372661,0.0006076389,0.0010684841,0.5774578,0.001714043,0.29654,0.014033951
20160928-142110-0.jpg,0,1,0.19135955,0.33323303,0.00024693021,0.0016306789,0.00020316313,0.01680161,0.00039655976,0.17134201,0.28478646
20161207-110730-0.jpg,0,0,0.87989713,0.0027556858,0.00054878654,0.00039066224,0.00098187719,0.01075722,0.0045353445,0.016033757,0.08409954
20161207-110753-0.jpg,0,0,0.95853111,0.0015583889,0.0014093311,0.0001750721,0.0012964026,0.0085445349,0.00094423143,0.0045412012,0.022999732
20161207-110837-0.jpg,0,0,0.95977734,0.024640719,0.00010866654,1.6293142e-05,0.00020201182,0.0021121913,5.2901143e-05,0.011467566,0.0016223104
20161207-111122-0.jpg,0,0,0.92184775,0.002296083,0.00022136935,0.00010437014,0.00093411869,0.0013973848,0.00018562078,0.072169319,0.00084398921
20161207-111246-0.jpg,0,8,0.45037082,0.014058326,0.0031781464,0.0074133129,0.00049156351,0.00049882531,4.095012e-05,0.0021093277,0.52183872
20161207-111352-0.jpg,0,1,0.11137852,0.87266968,5.002663e-05,0.00026802178,0.00015064898,0.00036177237,0.0012578828,0.0038088032,0.010054637
20161207-111440-0.jpg,0,0,0.94931618,0.033492389,0.00034414983,9.5896137e-05,3.6813491e-05,0.00060472024,3.1335987e-05,0.0029489025,0.013129617
20161207-111508-0.jpg,0,8,0.25830784,0.00063460628,0.00064966556,0.00028797108,0.00091844677,0.011862728,5.6538836e-05,0.01484196,0.71244024
20161207-111539-0.jpg,0,8,0.23095545,0.034258404,0.017425469,0.00088905647,0.0080099123,0.19935928,0.0017761625,0.0018595251,0.50546674
20161207-111718-0.jpg,0,0,0.97840717,0.016728563,8.7762989e-05,1.3254406e-05,0.00011001313,0.0024522574,9.6352826e-05,0.001549693,0.00055493248
20161207-112158-0.jpg,0,0,0.98586259,0.0008887027,0.00011771649,0.00061234733,0.0015254457,0.0019924332,6.4417907e-05,0.006585929,0.0023504135
20161207-112245-0.jpg,0,0,0.99559006,0.00038783509,4.9747115e-05,0.00056176126,0.00029591816,0.00010021614,2.0349328e-05,0.00081131853,0.002182798
20161207-112431-0.jpg,8,8,0.14744197,0.040966227,0.00088392435,0.024157592,0.00077573778,0.0042666853,0.0002285985,0.063205885,0.71807338
20161207-143344-0.jpg,7,8,0.011323851,0.0060096759,0.00027189679,0.024297842,0.00098191107,0.025338783,0.0014185678,0.070122586,0.86023489
20161207-145017-0.jpg,0,0,0.9961376,0.0012461664,0.00038475786,0.00011229706,9.3684637e-05,0.00048393589,1.151006e-05,0.00071248232,0.00081756589
20170126-095106-0.jpg,1,8,0.068801739,0.25069908,0.0068194612,0.0039270562,0.0050359998,0.0052966408,0.015651939,0.13332181,0.51044628
20170126-095233-0.jpg,1,1,0.00025023295,0.96147969,0.00033735507,0.00012107548,4.932686e-05,0.0026479671,0.0032312407,0.0002250944,0.031658019
20170126-095308-0.jpg,1,1,0.0025864687,0.98857119,0.00020880391,3.5070315e-05,2.7026619e-05,0.00066855245,0.00081558538,0.0006719463,0.0064153522
20170126-095322-0.jpg,1,1,0.0032764675,0.9100873,0.00092906698,0.00010701289,0.00015365917,0.00043442871,0.00047077549,0.0080256836,0.076515603
20170126-095404-0.jpg,1,1,0.0078401504,0.90202496,0.00025261507,7.5387531e-05,4.6356865e-05,0.00070223076,0.00025482396,0.085523844,0.0032796304
20170126-095653-0.jpg,1,1,0.00032528048,0.93449835,0.00059660224,0.00079656389,3.5106475e-05,0.0042306363,0.00022883072,0.0032851172,0.056003511
20170126-095755-0.jpg,1,1,0.00015739608,0.99709002,0.0005035082,0.00021072843,4.0045386e-05,0.00010002807,0.0001073726,7.7320348e-05,0.0017135828
20170126-095912-0.jpg,1,1,0.00026695109,0.93902994,0.00049365495,0.00015584878,3.5618667e-05,0.00065945678,3.1222587e-05,0.00030520386,0.0590221
20170126-095925-0.jpg,1,1,0.00015894224,0.9665662,0.00022454923,5.6055692e-05,1.1337544e-05,0.00065390147,0.00017955775,0.00021175181,0.031937706
20170126-095932-0.jpg,1,1,0.00017323232,0.94114907,0.00024163512,5.0036612e-05,2.0575611e-05,0.00095587377,0.0001049978,0.00018279698,0.057121783
20170126-100037-0.jpg,1,1,0.00071053876,0.99432959,6.4267905e-05,1.4206172e-05,1.813228e-05,0.00026159546,0.0018692203,0.00076445735,0.0019679914
20170126-100242-0.jpg,1,1,0.00074328939,0.95652422,0.00099440105,0.001676014,0.00012548704,0.0011998745,0.00032023372,0.00016218354,0.038254298
20170126-100451-0.jpg,1,8,0.0073279771,0.058306139,0.00018368118,0.00045071127,1.0246333e-05,0.010724339,0.0005321788,0.010038507,0.91242622
20170126-100459-0.jpg,1,1,0.0027514937,0.90327511,0.0029223452,0.0004376452,0.00019015624,0.0013928644,0.013492986,0.001171279,0.074366119
20170127-101000-0.jpg,1,1,0.00072919886,0.99225675,8.4239357e-05,0.00013126314,2.447487e-05,5.7007155e-05,0.00092197387,0.00032936814,0.0054657295
20170127-101008-0.jpg,1,1,0.0022550619,0.90463438,0.00020366561,0.00016657752,0.00018088584,0.00037579042,0.0073887595,0.0010939539,0.083700923
20170127-101404-0.jpg,1,1,0.0004470252,0.99671702,0.00016491968,9.3486137e-05,1.8879808e-05,0.00043431734,0.00062411629,0.00060053975,0.0008996948
20170127-101415-0.jpg,1,1,0.043934985,0.800485,0.00066823907,0.089417974,0.0001266164,0.00072323324,0.00079401643,0.045351687,0.018498249
20170127-101650-0.jpg,1,1,0.00065578557,0.67569583,0.0009496407,0.0016471181,9.7024469e-05,0.0023220128,0.0014478104,0.00047010347,0.31671467
20170127-101830-0.jpg,1,1,0.00022242969,0.71508752,0.00049684594,0.00014518399,2.4487584e-05,0.0014109027,0.00070108048,0.0001602179,0.28175133
20170127-102005-0.jpg,1,1,0.00012360789,0.971773,9.8126562e-05,0.00024129528,1.4404909e-05,0.00012181316,0.00019275673,0.00030639271,0.027128606
20170127-102051-0.jpg,1,1,0.0010152806,0.99251464,0.00021675169,0.00013188848,1.5174527e-05,0.00015334706,0.0045617713,0.00017075808,0.0012203838
20170127-102214-0.jpg,1,1,0.00025575777,0.99730819,0.00039202735,0.00015226364,8.5083144e-06,5.6778338e-05,5.0727461e-05,0.00012217644,0.0016535682
20170127-102237-0.jpg,1,1,0.00051984466,0.97575097,0.00052764231,0.00010454921,2.7546239e-05,0.00089748293,4.696387e-05,0.00026685507,0.021858146
20170127-102604-0.jpg,1,1,0.0079257914,0.76056162,0.00049957443,0.00044114219,0.00022459144,0.00021308536,0.0004254093,0.021611544,0.20809724
20170127-102904-0.jpg,1,1,0.12760833,0.82744327,0.0010627061,0.012206179,0.0030514482,0.0002261994,7.611906e-05,0.0061564867,0.022169267
20170127-102931-0.jpg,1,1,0.0059054285,0.98651243,0.00023174727,1.9946287e-05,1.8541485e-05,0.00053740476,4.2892794e-05,0.0045753113,0.0021562951
20170127-103003-0.jpg,1,1,0.0013022732,0.9956461,0.00052152823,7.6025689e-05,4.7037656e-05,0.00032231469,3.1524423e-05,0.00013970524,0.0019134897
20170127-103011-0.jpg,1,1,0.0028915705,0.99550405,0.00024299271,9.2112991e-05,2.8623731e-05,0.00037168162,3.4305396e-05,0.00047089414,0.00036376626
20170127-103248-0.jpg,1,1,0.03203638,0.95613444,0.0010176072,0.00010261328,0.00017588073,0.0014927423,0.00015466297,0.0074283371,0.001457338
20170128-101959-0.jpg,8,8,0.00014972437,8.4165786e-05,1.2556263e-05,0.00032540763,7.6252517e-05,2.8987113e-06,8.3854546e-06,8.4264855e-05,0.99925634
20170128-102043-0.jpg,8,8,0.00013125168,0.00023120338,0.00011639189,0.00040483783,3.5113211e-05,1.3604703e-05,1.2598288e-05,0.00031554642,0.99873945
20170128-102117-0.jpg,8,8,0.0002858915,5.8107503e-05,3.7260368e-05,0.00013518747,2.6238081e-05,5.6067624e-06,5.9904428e-06,0.00012688739,0.99931883
20170128-102233-0.jpg,8,8,0.00062555929,0.00012736908,8.4725882e-05,0.00011453591,2.7154475e-05,4.7013e-05,4.3082769e-05,0.00087697137,0.99805359
20170128-102307-0.jpg,8,8,0.0079746005,0.00052783664,0.00013524096,0.023909495,0.00073772863,0.00028294358,0.00010508917,0.010892,0.95543506
20170128-102336-0.jpg,8,8,0.0096759526,0.00026667506,0.00060757113,0.019469758,0.00069738375,1.9818944e-05,5.4490605e-05,0.029964736,0.93924361
20170128-102438-0.jpg,8,8,0.028584554,0.00034372315,0.0011958471,0.027098234,0.0021112325,4.0719031e-05,7.7097935e-05,0.0088827836,0.93166581
20170128-102535-0.jpg,8,8,0.019553296,0.024435692,0.00090815655,0.002773254,0.00016425193,0.00013689279,0.00073115669,0.0025301234,0.94876718
20170128-102632-0.jpg,8,1,0.00078115647,0.67111981,0.0005237861,0.0015594646,2.7324632e-05,0.0020171936,0.00039504715,0.0012914829,0.32228473
20170128-102804-0.jpg,8,8,0.0087391014,0.00096688644,0.00038245941,0.0061152429,0.00011134746,0.00087777793,6.720409e-05,0.019796087,0.96294389
20170128-102843-0.jpg,8,8,0.0010708918,0.00520806,0.00023088175,0.0014101783,2.5108982e-05,0.00048280266,2.4841951e-05,0.0013608497,0.99018638
20170128-103131-0.jpg,8,8,0.0022384983,0.001563438,6.8037389e-05,0.0053288378,3.5016315e-05,6.5186526e-05,2.389557e-05,0.0047135654,0.98596352
20170128-103209-0.jpg,8,8,0.0008013258,0.00072902256,9.0011309e-05,7.8713874e-05,5.9933998e-05,0.00013163721,7.4442828e-05,0.0039001776,0.99413473
20170128-103224-0.jpg,8,7,0.018337796,0.0067257305,0.00043048811,0.012617856,0.0001421261,0.00019782626,0.00076455419,0.55334914,0.40743449
20170128-103357-0.jpg,8,8,0.027758167,0.0033678305,0.00015674056,0.19380603,0.0024597273,0.00026128438,0.00012832347,0.0073006407,0.76476126
20170128-103425-0.jpg,8,8,0.17411194,0.083921562,0.00085465238,0.22771571,0.0030612376,0.0020881698,0.00026486725,0.14321038,0.36477148
20170128-103446-0.jpg,8,8,0.00096039385,0.0032150409,0.00014845383,0.00038355506,0.00013460168,6.7447108e-05,6.0705195e-05,0.00026734978,0.99476245
20170128-103606-0.jpg,8,8,0.0048586067,0.0014364075,0.00028505804,0.018178857,0.00061649152,0.00066687075,4.5076292e-05,0.0021253768,0.97178726
20170128-103700-0.jpg,8,8,0.0012856967,0.10355845,0.00080227188,0.00083533826,0.00015867944,0.0024343418,4.9082407e-05,0.0029592116,0.88791693
20170129-102138-0.jpg,8,8,0.0081007821,0.005765814,0.0010142771,0.0012213923,0.00039838984,0.0010213334,0.00013605131,0.0010627244,0.98127924
20170129-102150-0.jpg,8,8,0.0014146921,0.030985427,0.00023296404,0.0010350201,8.8481079e-05,0.00014866877,6.8695844e-05,0.0047609793,0.96126507
20170129-102239-0.jpg,8,8,0.14263985,0.011520243,0.00038520085,0.0019291083,0.0007068859,0.0001575034,0.00052458536,0.034748954,0.80738767
20170129-102922-0.jpg,8,8,0.0014416019,0.0037080188,0.00024151076,5.1541349e-05,0.00025413604,0.00012918359,0.00016498179,0.00015218071,0.99385685
20170129-102930-0.jpg,8,8,0.00078689738,0.0039443689,0.00022675316,0.000236854,0.00019527566,0.00023959669,3.3450965e-05,0.00011409888,0.9942227
20170129-103106-0.jpg,8,8,0.0032145656,0.012732799,0.0010216371,0.00041884344,0.00023473081,0.0021593604,0.0002241018,0.0011182885,0.97887567
20170129-103137-0.jpg,8,8,0.002536697,0.32507689,0.00020353113,0.00022290909,1.9256824e-05,0.00029234922,0.00014186519,0.0039566048,0.6675499
20170129-103231-0.jpg,8,8,0.0037018097,0.013492564,0.0016923076,0.00044415673,0.001162325,0.00075302269,0.00035118422,0.00060402397,0.97779861
20170129-103353-0.jpg,8,8,0.0015650696,0.005381232,0.00016860123,0.00021913775,1.9789662e-05,0.0010887997,8.616521e-06,0.0012792947,0.99026946
20170129-103735-0.jpg,8,8,0.00063429813,0.00096403458,3.7177267e-05,3.5499881e-05,1.6644341e-05,0.00026178498,0.00013955293,0.0070394459,0.99087156
20170129-103811-0.jpg,8,8,0.013156258,0.18833794,0.00058201462,0.0022140565,0.00034547227,0.0011197218,0.00042958849,0.025540968,0.76827398
20170129-103831-0.jpg,8,8,0.0019720549,0.0082191771,0.00032401382,0.0001494446,4.0239845e-05,0.00048879157,0.00011780867,0.001777265,0.9869112
20170129-104113-0.jpg,8,8,0.0099293596,0.20081995,7.6250507e-05,0.00041177182,6.3172098e-05,0.00014349851,9.890273e-05,0.010629542,0.77782755
20170130-102233-0.jpg,1,1,0.019637664,0.76109078,0.0021555672,0.0026872958,0.0026804087,0.0034879843,0.00022400813,0.1447125,0.063323786
20170130-102315-0.jpg,1,1,0.29118961,0.69597128,0.0011064112,7.1402043e-05,0.00013627359,0.0014541108,0.00018924665,0.004469571,0.0054120957
20170130-102324-0.jpg,1,1,0.0042838197,0.91395041,0.00337606,7.1555252e-05,0.0006964098,0.025110463,0.00014301144,0.0080241237,0.044344146
20170130-102331-0.jpg,1,1,0.00464971,0.88690633,0.0014019174,0.00103071,9.2992065e-05,0.0022911868,0.00077507779,0.040811942,0.06204013
20170130-102350-0.jpg,1,8,0.073025551,0.33873215,0.00078377545,0.0023291144,0.0013351948,0.00037481429,0.00012227853,0.0072384472,0.57605868
20170130-102402-0.jpg,1,1,0.097406047,0.61026389,0.0015053278,0.00042655513,0.0020717097,0.0013466656,0.0002247198,0.011449727,0.27530536
20170130-102444-0.jpg,1,1,0.0093521297,0.88094464,0.00094876968,0.00018921896,0.00013449414,0.00028073476,0.0027970882,0.09087591,0.014477012
20170130-102448-0.jpg,1,1,0.031220754,0.94729114,0.00027179441,0.0018489756,4.6153898e-05,0.0034508524,0.00026803695,0.0013460086,0.014256283
20170130-102525-0.jpg,1,1,0.092912356,0.50672091,0.00085983746,0.0012049015,0.0038656135,0.0026178098,0.00040408918,0.17538236,0.21603212
20170130-102647-0.jpg,1,1,0.0044564123,0.94361796,0.00042449479,6.0942838e-05,0.00010351728,0.0022149994,4.4882828e-05,0.0030472562,0.046029532
20170130-102736-0.jpg,1,1,0.080066154,0.69960903,0.0025750562,0.0049324523,0.00065433388,0.021620795,0.002053952,0.0095857609,0.17890247
20170130-102953-0.jpg,1,1,0.0097761057,0.97816083,0.0016721588,7.9335013e-05,0.00011717382,0.00068189552,0.00033525434,0.0026710029,0.0065062391
20170207-141501-0.jpg,7,0,0.40960439,0.13353098,0.0013200606,0.00077407226,0.00059227336,0.060780253,0.00056322264,0.38307717,0.0097575862
20170207-141520-0.jpg,7,5,0.15309252,0.087943295,0.00091509066,0.00012597214,0.0016455194,0.71499147,0.001161219,0.022117611,0.018007306
20170207-141804-0.jpg,7,7,0.076879714,0.00058362534,0.00022720707,0.011068215,0.00034364298,0.00020028331,0.00019293722,0.89518453,0.01531984
20170207-141902-0.jpg,7,7,0.00067396788,0.00016717111,8.0370601e-05,0.0004581042,0.0001049535,0.00029029387,3.3837788e-05,0.9971681,0.0010231992
20170207-142023-0.jpg,7,7,0.099851985,0.0015893729,0.00015068293,0.00046425535,0.00017584255,5.4257134e-05,6.19606e-05,0.87469434,0.0229573
20170207-142123-0.jpg,7,7,0.24586945,0.017728126,0.00047736874,0.00030215016,0.00031755932,0.0019296323,0.0001660523,0.72684613,0.0063635245
20170207-142740-0.jpg,7,7,0.0019113316,0.00031364352,8.8524282e-05,0.00028661227,0.00010296734,0.0010371791,5.0992689e-05,0.99603666,0.00017209311
20170207-142827-0.jpg,7,7,0.001812682,0.00017445583,0.00015563505,4.0928249e-05,4.8301403e-05,7.3802446e-05,3.8472224e-05,0.99522826,0.0024274627
20170207-142840-0.jpg,7,7,0.00042009783,9.5688422e-05,2.531056e-05,2.4767498e-05,1.9382531e-05,3.9457749e-05,2.6039514e-05,0.99926251,8.6742898e-05
20170207-153439-0.jpg,0,7,0.31054981,0.00061765046,0.0007784199,0.0017931236,0.0059652787,0.00061914923,0.00034198604,0.67593053,0.0034040561
20170207-153455-0.jpg,0,7,0.011451722,0.00021934015,6.4649332e-05,0.00059736135,0.00034172229,4.5163042e-05,0.00038015401,0.98647937,0.0004205181
20170207-154046-0.jpg,0,7,0.020434801,0.0040051675,0.00030470072,0.0014596436,0.00061990358,0.011803774,0.00013100362,0.94873557,0.012505438
20170207-154209-0.jpg,0,0,0.99637528,0.00064070271,9.3412402e-05,0.00019774466,0.00057949255,0.0003903189,6.8287857e-05,0.00064511486,0.0010096451
20170207-155423-0.jpg,0,7,0.34469542,0.006323812,0.00093823882,0.00032793938,0.0011258728,0.00072059851,0.00040078295,0.64224445,0.0032228864
20170210-130536-0.jpg,7,7,0.0002227606,0.00010624938,0.0001049026,0.0002292415,7.4316726e-05,0.00016437213,7.4764003e-05,0.99814347,0.00087992734
20170210-130854-0.jpg,7,7,0.00047785646,0.00014654114,0.00014012526,0.000176263,0.00011813083,0.00012071922,0.00010485888,0.99856795,0.0001475538
20170210-131016-0.jpg,7,7,0.01177577,9.8047632e-05,3.4508283e-05,0.00096749193,9.4979175e-05,5.9116273e-05,0.00025962711,0.97711722,0.0095932437
20170210-131113-0.jpg,7,7,0.0016556092,4.4265212e-05,0.00013907596,0.00013745051,0.00015152224,0.00014497455,7.6569851e-05,0.99755677,9.3760657e-05
20170210-131130-0.jpg,7,7,0.00058006007,0.00033361303,9.0325951e-05,0.00017842413,5.4771095e-05,4.2475459e-05,0.00018026727,0.99831873,0.00022133275
20170210-131312-0.jpg,7,7,0.0010846593,0.00012106967,5.4890756e-05,0.00014310374,0.0001047467,6.91662e-05,8.7458272e-05,0.99798679,0.00034811457
20170210-131343-0.jpg,7,7,0.0023199982,7.2357441e-05,0.00011389982,0.00027721609,0.00022419699,0.00081461628,0.00024668831,0.99579888,0.00013214454
20170210-131431-0.jpg,7,7,0.00034189377,6.084245e-05,4.8897212e-05,7.520942e-05,5.2511909e-05,9.6679122e-05,0.00010064537,0.99907298,0.00015033871
20170210-131528-0.jpg,7,7,0.00018911571,0.0002229069,0.00011939209,0.00022683283,9.922876e-05,0.00016307402,0.00033340567,0.99841829,0.00022775791
20170210-131552-0.jpg,7,7,0.00019907961,0.00011656724,8.1214204e-05,0.00040945029,5.2458549e-05,0.00012764833,0.00015506952,0.99848289,0.00037562541
20170210-131638-0.jpg,7,7,0.00041499867,0.00025116258,0.00093370093,0.0012256528,0.0003027147,0.00081523042,0.00073994731,0.99479715,0.00051943773
20170210-131711-0.jpg,0,0,0.9653649,0.019680609,0.0009642791,2.7303206e-05,0.00043637507,0.006345326,7.8869202e-05,0.0048704243,0.0022319173
20170210-131908-0.jpg,7,7,0.0002500771,0.00073580963,0.00068834348,0.00077644859,0.00020736488,0.00015033317,0.00049195098,0.99557737,0.0011223051
20170210-132033-0.jpg,0,7,0.086770368,0.0098445529,0.00088741057,0.00045593465,0.00025256977,7.032483e-05,0.00041732659,0.57551007,0.32579144
20170210-132249-0.jpg,0,0,0.98339625,8.0654588e-05,0.0024911763,0.00070131721,0.00065329633,0.0029287372,3.7509739e-05,0.003685032,0.0060260244
20170210-132455-0.jpg,0,0,0.77598312,0.0079750337,0.00027897971,0.00057635386,0.00066147094,0.0035294064,0.00064041908,0.16579313,0.044562084
20170210-132545-0.jpg,0,0,0.96595594,0.00019501018,0.00029844935,0.00013243309,0.00060417675,0.00078327824,0.00045069568,0.030533405,0.0010466091
20170210-132736-0.jpg,0,0,0.97818789,0.00047620314,0.00030968425,0.00028858984,0.0002741073,0.00017747136,8.9125572e-05,0.0091111408,0.011085786
20170210-133205-0.jpg,0,0,0.93908252,0.004925139,9.0998216e-05,0.00040195479,0.00024225668,9.9320875e-05,0.0038457002,0.051136935,0.00017517306
20170210-133707-0.jpg,0,0,0.67996479,0.15996163,0.0010870582,0.00077646734,0.0011139954,0.00061522628,4.7453129e-05,0.13430826,0.022125122
20170210-133731-0.jpg,0,1,0.11609111,0.54583899,0.0035179251,0.00033860994,0.0021742741,0.00045391936,0.006778869,0.10708493,0.21772137
20170210-133739-0.jpg,0,0,0.9649149,0.0022795202,5.9423066e-05,2.9266624e-05,0.00019123577,0.00038287939,3.5081761e-05,0.031883047,0.00022464469
20170210-133923-0.jpg,0,0,0.99315337,0.00022891271,0.00024459384,0.00010480717,0.00045422967,0.00025892239,0.00014463203,0.0050444,0.00036612795
20170210-141430-0.jpg,7,1,0.16796371,0.43210534,0.0014675426,0.096580803,0.0045055618,0.0020410966,0.0011785747,0.25780797,0.03634941
20170210-141621-0.jpg,7,7,0.0021839809,0.00047641626,0.00010465903,0.00041512629,0.00016612596,0.00060267665,0.00016080264,0.99338167,0.0025085385
20170210-141858-0.jpg,7,7,0.39584583,0.001100906,0.0003259016,0.00077155977,0.00025515421,0.0017157197,0.00015394889,0.59731202,0.0025189601
20170210-142258-0.jpg,7,7,0.0057259156,0.00022977194,3.3938426e-05,8.2953309e-05,8.2445722e-05,6.0574244e-05,4.7079304e-05,0.9935762,0.00016111861
20170210-142318-0.jpg,7,7,0.0051212684,0.00072137764,5.1774784e-05,0.00017876214,9.0948118e-05,0.0003272819,2.8051527e-05,0.98901159,0.0044689487
20170210-142409-0.jpg,7,7,0.0012790164,0.00018114488,3.1353228e-05,0.00016805319,7.3191863e-05,0.00017451351,6.2358506e-05,0.99759274,0.0004376264
20170210-142444-0.jpg,7,7,0.00072452847,0.00016543276,6.1522446e-05,4.1654699e-05,4.523695e-05,0.00022340449,6.6003068e-05,0.99852129,0.0001509226
20170210-142523-0.jpg,7,7,0.0018200593,9.1285859e-05,8.2916648e-05,8.4253802e-05,8.8497118e-05,0.00014301426,8.7506991e-05,0.99749898,0.00010348237
20170210-142607-0.jpg,7,7,0.0003943251,0.00013366708,0.00018080677,0.00019003754,0.00018899028,5.4783273e-05,0.00016710434,0.99781378,0.00087650808
20170210-142627-0.jpg,7,7,0.00023711952,8.5134079e-05,0.00010847737,0.00010114967,0.00012506486,0.00098667392,0.00020677417,0.9978267,0.00032290458
20170210-142721-0.jpg,7,7,0.00079438361,0.00031650153,2.1495872e-05,6.3546572e-05,2.2376602e-05,6.6060853e-05,1.7345652e-05,0.99853368,0.00016461109
20170210-145509-0.jpg,0,0,0.97436386,0.00052113082,0.00019498801,0.0011263952,0.0028122212,0.0021373618,0.00013745555,0.014192247,0.0045143411
20170210-145705-0.jpg,0,0,0.98614142,0.0093358486,0.0001257234,2.1250204e-05,0.00019505471,0.0025034252,0.00031151498,0.00069374118,0.00067202314
20170210-145719-0.jpg,0,0,0.98854874,0.002951992,9.0069256e-05,6.7940522e-05,0.00090828199,0.0012138743,6.7379986e-05,0.0037034467,0.0024482769
20170210-145824-0.jpg,0,0,0.95809702,0.007771757,0.00080224713,0.00039082461,0.00037523087,0.00039626582,5.2898514e-05,0.0088901285,0.023223632
20170210-150120-0.jpg,0,0,0.65488078,0.12317954,0.0054371481,0.00042340138,0.0037154447,0.005376344,0.00047028255,0.053937608,0.15257946
20170210-150605-0.jpg,0,0,0.94302742,0.0044491508,0.0011227836,0.00016550515,0.00093508532,0.019827756,0.00028958825,0.025245786,0.0049369255
20170210-150618-0.jpg,0,0,0.9813279,0.00010265606,0.00026341889,6.8698135e-05,0.0008140666,0.0027492405,0.0001117012,0.013894298,0.00066802069
20170217-095208-0.jpg,7,7,0.00018702486,0.00079179886,1.4502896e-05,7.2520581e-05,2.0487169e-05,3.7166505e-05,0.00044612785,0.9972136,0.0012167762
20170217-095216-0.jpg,7,7,0.00058531456,0.00053121843,0.00015627681,0.00020648844,0.00015678416,0.00011975836,0.00027450497,0.99614325,0.0018264062
20170217-095330-0.jpg,7,7,0.0011461349,0.00031103938,4.0655311e-05,0.00031164485,7.0717367e-05,6.3866056e-05,0.00022636261,0.9967656,0.0010639799
20170217-095357-0.jpg,7,7,0.00012497585,0.00073959035,4.7641181e-05,8.0106792e-05,2.9100762e-05,8.0990105e-05,0.00021134891,0.99850397,0.00018227938
20170217-095626-0.jpg,7,7,0.00025781014,0.00020092421,6.4084324e-05,0.00018224065,5.355929e-05,0.00017370953,0.00028223632,0.99860296,0.00018247789
20170217-095739-0.jpg,7,7,0.080677013,0.0011908825,0.00011888885,0.00018915953,0.00016149937,0.00077430233,9.102593e-06,0.91456172,0.0023174285
20170217-095850-0.jpg,7,7,0.022444943,0.00062550069,5.4840589e-05,7.0569825e-05,0.00042659704,0.0013322234,4.5846921e-05,0.97439277,0.00060670548
20170217-100939-0.jpg,7,7,0.029969618,0.00097047253,4.2233494e-05,0.00026998238,0.00022739667,6.1058066e-05,9.8068851e-06,0.96764263,0.000806804
20170217-101020-0.jpg,7,7,0.051015004,0.00077047285,0.00013243791,0.00037469301,0.00025129482,5.1126266e-05,1.0163043e-05,0.94396928,0.0034255326
20170217-102010-0.jpg,0,0,0.99520475,0.00028346318,0.00011319554,0.00013436677,0.00016328272,0.00023441488,3.7262004e-05,0.0012915084,0.0025377546
20170217-102437-0.jpg,0,0,0.99293203,0.00018130008,0.00013095216,0.00035890608,0.00052582772,0.00076276529,4.8492935e-05,0.0044087847,0.00065093921
20170217-102857-0.jpg,0,0,0.9964786,0.00026100719,1.7959181e-05,3.1502766e-05,5.4552581e-05,4.823345e-05,1.9924262e-05,0.0021894828,0.00089873592
20170217-102914-0.jpg,0,0,0.99559494,0.0020168766,0.00010972441,2.0097287e-05,0.000110851,0.00018318847,9.7366183e-05,0.0010475125,0.00081944488
20170217-102923-0.jpg,0,0,0.92310575,0.016161268,0.00096352406,8.5296384e-05,0.00063352635,0.014035119,0.00012763343,0.0027719884,0.042115893
20170217-103649-0.jpg,0,0,0.95209155,0.001185582,0.00087344047,0.00097324665,0.00024480774,0.00028250274,0.00054186655,0.0017803042,0.042026703
20170217-103810-0.jpg,0,0,0.96882735,0.00026797048,0.00056796009,0.00014763933,0.00060111381,0.011255909,0.00019727592,0.01771234,0.00042244626
20170217-103940-0.jpg,0,0,0.90701255,0.00041407624,0.00020183254,0.00012698264,0.00064380109,0.015865423,0.00021586189,0.074788438,0.00073103684
20170217-104234-0.jpg,0,0,0.98200326,0.00014033844,0.00051096695,0.00038027961,0.00061241047,0.00070523787,0.00015249152,0.01458798,0.00090703253
20170217-111024-0.jpg,0,0,0.99427982,6.648109e-05,0.00019973503,0.0001894529,0.00032257019,0.0019194035,2.6611525e-05,0.0027991095,0.00019681132
20170217-112348-0.jpg,0,0,0.99044954,0.00016133222,0.00035315637,0.00020694627,0.00099145215,0.00027940617,2.7946735e-05,0.0071420449,0.00038817633
20170217-113008-0.jpg,0,0,0.98918257,0.00019986236,0.00016685283,0.00022096353,0.00024710882,0.0003687014,6.3207935e-05,0.0089187825,0.0006319471
20170217-113200-0.jpg,7,7,0.00024817653,0.00010604377,9.236452e-05,0.00078832574,0.00015851887,0.00025643882,0.00032197499,0.99783502,0.00019313541
20170217-113245-0.jpg,0,0,0.88472967,0.00085347327,0.0003409485,0.00078335477,0.00064898246,0.00060824751,9.7197851e-05,0.11007437,0.0018637598
20170217-113546-0.jpg,0,0,0.9452745,0.00027700777,0.00021196306,0.00018746948,0.00034040549,0.0024984024,7.7315516e-05,0.049664304,0.0014686286
20170217-113636-0.jpg,0,8,0.30103595,0.005516283,0.013443267,0.00171674,0.0086149478,0.02580802,0.00046791162,0.0051823033,0.63821457
20170217-113716-0.jpg,7,7,0.0031220087,0.00013774956,0.00018199726,0.00017581942,0.00015273187,0.0008764935,9.2434758e-05,0.9948188,0.00044196648
20170217-114451-0.jpg,7,7,0.00073146495,0.00020974013,0.00011176287,0.0013091756,0.00028737147,0.00017230573,0.0005496216,0.96158363,0.035044927
20170217-114455-0.jpg,0,7,0.084384347,0.0028153398,0.00057640779,0.0019178866,0.00033369234,0.0019054418,0.0016179867,0.87372974,0.032719159
20170217-114509-0.jpg,7,7,0.002217383,0.00043733402,0.00037989658,0.012831898,0.0022414588,0.0041033447,0.0057273397,0.81002647,0.16203488
20170217-114526-0.jpg,7,7,0.00016246066,8.0948043e-05,6.0095191e-05,0.00056499383,6.7795723e-05,4.6677684e-05,0.0002899061,0.99814887,0.00057825582
20170217-114724-0.jpg,7,7,0.00037495134,6.9179046e-05,0.00010650181,0.00044181939,0.00021310767,0.00012807202,0.0020135824,0.99614759,0.00050520039
20170217-115125-0.jpg,7,7,0.0012467676,0.00066040026,7.3451121e-05,0.00013809277,6.4724941e-05,2.3636237e-05,0.00021103595,0.9954605,0.002121393
20170217-115315-0.jpg,0,0,0.95859017,0.0050661682,0.00060344911,6.1285436e-05,0.00050673909,0.00015424476,0.0004013693,0.0006212127,0.033995361
20170217-115332-0.jpg,0,0,0.99481907,0.00090274431,0.00033558275,8.0953472e-05,0.00029023476,0.00013235585,4.2623612e-05,0.0022888067,0.001107632
20170217-120123-0.jpg,0,0,0.9850666,0.0016769623,0.00010002358,0.00014921544,0.00038654768,0.0015424368,0.00083795172,0.0031524686,0.0070877986
20170217-120307-0.jpg,0,0,0.99720685,0.0011822306,7.2904301e-05,3.0981212e-05,0.00015544487,0.00029386171,3.7968273e-05,0.00074489465,0.0002748622
20170217-120325-0.jpg,7,7,0.0038180867,0.00027350621,2.0478653e-05,0.00042218638,4.2191893e-05,4.5208605e-05,5.5173554e-05,0.99125052,0.0040726453
20170217-120401-0.jpg,7,7,0.12042963,0.0029654288,0.00090618406,0.0099446834,0.0014169953,0.042627561,0.00057934392,0.48875885,0.33237132
20170217-120434-0.jpg,7,7,0.001287581,0.00057183627,0.00016059191,0.0066357605,0.00031682857,0.00067160688,0.0067475042,0.9806592,0.0029490952
20170217-120606-0.jpg,7,7,0.0062441745,6.8088031e-05,7.1427239e-05,0.00019790882,0.00078581262,0.00024774141,0.00025818542,0.99104631,0.0010803542
20170217-121035-0.jpg,0,0,0.99229859,0.00019476406,5.4457228e-05,8.8904619e-05,0.00012200987,0.00013450274,1.3466894e-05,0.0069335443,0.00015975738
20170217-121807-0.jpg,0,0,0.97999823,0.00019554905,0.00015194031,0.00010555708,0.0001876196,8.9318764e-05,4.9992498e-05,0.017741281,0.0014805094
20170217-122257-0.jpg,0,0,0.98892233,0.0055396112,6.7870755e-05,7.5952071e-05,0.00016171208,0.00016439987,0.0012311698,0.00080644899,0.0030305035
20170217-143546-0.jpg,7,7,0.12060414,0.0017520281,0.0003031201,0.0088376254,0.0003079461,0.00038840522,7.0715438e-05,0.84503018,0.022705834
20170217-143757-0.jpg,7,7,0.00021341923,0.0010935492,6.2267934e-05,0.00039059391,5.9830581e-05,0.00015055135,0.00017495545,0.99757624,0.0002785939
20170217-143939-0.jpg,7,7,0.016655791,0.0019186273,5.1286303e-05,9.0970113e-05,5.8328909e-05,0.00025249565,6.8326072e-06,0.97650065,0.0044650205
20170217-144043-0.jpg,7,7,0.00019342304,0.00030099568,3.4785177e-05,8.6616516e-05,1.904602e-05,7.8480499e-05,3.8876788e-05,0.99895502,0.00029275885
20170217-144154-0.jpg,7,7,0.00021209903,9.3463898e-05,3.7547042e-05,5.8075632e-05,1.90495e-05,3.181019e-05,2.3945403e-05,0.99941456,0.00010945343
20170217-144329-0.jpg,7,7,0.00019043785,0.00013278843,1.3576506e-05,7.5398988e-05,5.3909605e-05,7.3658597e-05,0.00031952783,0.99893543,0.00020527181
20170217-144455-0.jpg,7,7,0.075762942,0.00072867115,2.564026e-05,0.00061657458,0.00015207375,7.454806e-05,3.3140978e-05,0.91282025,0.009786158
20170217-144656-0.jpg,7,7,0.010201882,0.00021481815,2.3412321e-05,5.6598308e-05,6.3227528e-05,8.2267049e-05,7.8214853e-05,0.98917961,9.9968518e-05
20170217-144722-0.jpg,7,7,0.2421662,0.00087291744,7.4468265e-05,0.00092199783,0.0033421847,0.0012599819,0.0017871527,0.74644514,0.0031299554
20170217-144838-0.jpg,7,7,0.069901428,0.0016863938,5.7487855e-05,0.00082740137,7.2328901e-05,5.8730393e-05,4.0319776e-05,0.90852867,0.018827241
20170217-145008-0.jpg,7,7,0.0006013861,0.00014414854,1.7388789e-05,0.00017581467,3.4131398e-05,7.4559331e-05,2.9851553e-05,0.99883572,8.699823e-05
20170217-145329-0.jpg,7,7,0.00027617753,8.2336527e-05,9.4225291e-05,0.00028944158,0.000185245,0.00019929219,0.0001241913,0.99845949,0.00028960119
20170217-145531-0.jpg,0,0,0.87502245,0.0026912725,0.00048482725,0.0014694503,0.0012563204,0.0011939279,0.00017194827,0.043945721,0.07376408
20170217-145646-0.jpg,0,7,0.16418382,0.00050504598,0.00046041258,0.0038563346,0.00059900255,0.00046031951,0.0015029128,0.81565815,0.012774005
20170217-150100-0.jpg,0,0,0.99517434,0.00011815427,8.124936e-05,0.0003597123,0.00047353477,0.00042817729,6.177749e-05,0.0022498882,0.0010531703
20170217-150219-0.jpg,0,0,0.99035659,0.00011776894,0.00032630153,0.00028050937,0.00069429337,0.00066191381,0.00023963546,0.0030830118,0.0042399766
20170217-150454-0.jpg,0,8,0.02952729,0.018063731,0.0041244286,0.041362606,0.003128593,0.14577945,0.01093384,0.12893108,0.61814899
20170217-152211-0.jpg,0,0,0.99614809,0.00026505822,0.00028113137,6.9117208e-05,0.00028409289,0.00048299056,0.00011445761,0.0019746067,0.00038045672
20170217-152541-0.jpg,0,0,0.7561608,0.001108618,0.00055484984,0.0095328825,0.0037900946,0.00010868181,0.0043237519,0.029731958,0.19468837
20170304-124121-0.jpg,0,0,0.83801313,0.00063577906,9.7022143e-05,0.0031029027,0.00011435907,0.00010734948,3.8022803e-05,0.15616946,0.0017219752
20170304-124139-0.jpg,0,0,0.91427011,0.019788243,0.00048853544,0.0059678382,0.00060029677,0.00033046693,0.00023710033,0.020226624,0.038090789
20170304-124630-0.jpg,0,0,0.60880954,0.0026642074,0.00013431192,0.00029787393,0.00085435353,0.00016741346,0.00013817737,0.37703184,0.0099022763
20170304-124720-0.jpg,0,0,0.52621136,0.0014507881,0.0041103218,0.00088593149,0.001240762,0.0049709488,0.00017027194,0.11469173,0.34626789
20170304-124728-0.jpg,0,0,0.9638169,0.0011144842,0.00012939189,0.00024018806,0.00014895773,0.00030145891,1.1392489e-05,0.017975951,0.016261275
20170304-124944-0.jpg,0,0,0.68355062,0.01736673,0.00020378099,0.00020147715,0.00023486111,0.011494786,0.00010827218,0.26313313,0.023706343
20170304-125032-0.jpg,0,0,0.93923355,0.00042367995,0.00085957559,0.00021587003,0.00080178706,0.0020117156,7.8639481e-05,0.044717838,0.011657344
20170304-125101-0.jpg,0,0,0.75801999,0.0026502043,0.00098075249,0.00033672254,0.0003375585,0.017546027,2.3352767e-05,0.035240339,0.18486505
20170304-125110-0.jpg,0,0,0.94757251,0.00045550674,3.1783895e-05,6.7485477e-05,0.00017391397,0.00014438439,7.9961769e-05,0.050319703,0.0011547522
20170304-125226-0.jpg,0,0,0.97940315,0.00012237398,0.00017582817,0.00011925572,0.0016564988,0.00042239112,1.4452629e-05,0.016869424,0.0012166279
20170304-125249-0.jpg,0,7,0.3761109,0.012195137,0.030734263,0.0041555302,0.0036437932,0.12935365,0.00011196253,0.38071409,0.062980669
20170304-125325-0.jpg,0,0,0.94402383,0.0010260717,0.00023965643,0.00044999322,0.00050721956,0.004325385,0.00013731815,0.024048782,0.025241748
20170304-125343-0.jpg,0,8,0.18393212,0.042183283,0.0033028058,0.012856252,0.0023251398,0.091863029,0.00020799318,0.32814499,0.33518438
20170304-125436-0.jpg,0,0,0.89561481,0.00227402,0.00052607996,0.00077259534,0.0014681921,0.00054544237,0.0001542953,0.053018613,0.045625955
20170304-130214-0.jpg,7,7,0.0037494292,0.00012783334,0.00012177974,0.00010789586,8.7350519e-05,0.00045276677,0.00024333533,0.98827358,0.0068360286
20170304-130844-0.jpg,7,7,0.0077985566,0.0023764815,1.7448212e-05,6.7052965e-05,1.9279636e-05,2.6504945e-05,1.7495732e-05,0.9893037,0.00037348197
20170304-130929-0.jpg,7,7,0.027790195,0.00014535638,9.2424872e-05,0.00024472324,0.00019275697,8.8950559e-05,4.9960784e-05,0.96906328,0.002332348
20170304-131410-0.jpg,7,1,0.011209898,0.81069583,0.00080600435,0.00036549812,0.00019160835,0.0046052868,0.00014434048,0.16650576,0.0054757745
20170304-131712-0.jpg,7,7,0.040233923,0.036058903,0.00019731228,0.00017693417,6.4582224e-05,0.001180877,4.5346881e-05,0.9204257,0.0016164242
20170304-131755-0.jpg,7,7,0.33828684,0.028455387,0.00068814373,0.0019332192,0.0033513684,0.0021739011,0.0051360035,0.51758361,0.10239153
20170304-131822-0.jpg,7,7,0.0023850949,0.0051733886,3.4992957e-05,0.00025802697,9.9421757e-05,0.0020114158,0.0005427461,0.98462255,0.004872359
20170304-131904-0.jpg,7,7,0.33033847,0.00097807113,0.0013328011,0.0023063093,0.0027755497,0.0019062106,0.00083880944,0.63750188,0.022021903
20170304-132038-0.jpg,7,7,0.00021289106,0.00037347263,0.00018646993,0.00081538264,0.00011944596,1.8845669e-05,8.8950157e-05,0.99782829,0.00035624983
20170304-132151-0.jpg,7,7,0.0022326676,0.0003035063,0.00026240947,6.7845365e-05,2.7406603e-05,0.00034373236,1.3527447e-05,0.99459974,0.002149165
20170304-132230-0.jpg,7,7,0.032061373,0.00048194823,6.9803843e-05,0.00059563572,0.0025534255,0.00056240475,0.0056674784,0.93757757,0.020430362
20170304-132357-0.jpg,7,0,0.50069779,0.00097812129,0.001024555,0.0023132431,0.00051056126,0.041057532,0.00084963842,0.41566903,0.036899527
20170304-132439-0.jpg,7,7,0.0067397621,0.0008135141,0.00068187193,0.0015727126,7.713899e-05,0.0029935526,6.5756223e-05,0.98405569,0.0029999975
20170304-132619-0.jpg,7,7,0.017863722,0.07154234,0.00069277448,0.0021193027,0.00014892321,0.011253602,0.00048707355,0.84265793,0.053234332
20170304-132652-0.jpg,7,7,0.078539109,0.022587608,0.00017531377,0.0048581592,5.4344087e-05,0.00015554758,9.5011612e-05,0.88791656,0.0056183497
20170315-085127-0.jpg,8,8,0.013034742,0.10906736,0.00037615389,0.0011923118,0.00024909357,0.0010924265,4.1486236e-05,0.27578949,0.59915693
20170315-085317-0.jpg,8,8,0.0015268042,0.051188373,0.00053894053,0.00040731184,0.00022883406,0.00062978456,7.4633905e-05,0.01136293,0.93404239
20170315-085401-0.jpg,8,1,0.0069999108,0.72116398,0.000552312,0.0009869075,8.6209265e-05,0.0005340175,0.00015647699,0.0044951114,0.26502508
20170315-085835-0.jpg,8,8,0.0023752509,0.01443265,9.7027992e-05,0.00099946155,0.00055769122,0.0019441411,7.2469378e-05,0.0087421149,0.97077919
20170315-085848-0.jpg,8,8,0.1733465,0.031019909,0.00072061582,0.0078064103,0.0020556046,0.00097782797,0.00010081657,0.35791185,0.42606046
20170315-085923-0.jpg,8,8,0.0005813358,0.0012684532,9.4224729e-05,0.00034614516,0.00013567634,9.5084025e-05,1.7231161e-05,0.0017184296,0.99574342
20170315-090155-0.jpg,8,8,0.04170401,0.0023116259,0.017250583,0.00143103,0.002558465,0.015844055,0.00020027716,0.018970168,0.89972979
20170315-090434-0.jpg,8,8,0.033812668,0.0032832652,0.0007972205,0.0020148244,0.0016141194,0.0033472283,0.00029083227,0.035595891,0.91924395
20170315-090543-0.jpg,8,8,0.035806704,0.013627076,0.00088417398,0.001594983,0.00082347396,0.0072377267,9.3093229e-05,0.0042980678,0.9356347
20170315-090552-0.jpg,8,8,0.0049624246,0.0007302655,0.0014934125,0.0022122286,0.0035253439,0.0025356132,6.8842437e-05,0.00062939811,0.98384247
20170315-090713-0.jpg,8,8,0.0011317793,0.00253992,0.00021673913,0.00020583638,3.165222e-05,0.0001954898,1.3299992e-05,0.0093889858,0.9862763
20170404-153649-0.jpg,7,7,0.00074863834,0.0015487171,5.434137e-05,0.00081656375,2.0568863e-05,4.0385332e-05,0.00057513349,0.99411323,0.0020824263
20170404-153716-0.jpg,7,7,0.00050999184,0.00015374236,0.00025586236,6.0710183e-05,5.0075422e-05,9.3192607e-05,0.00012715798,0.99858463,0.00016463909
20170404-153744-0.jpg,7,7,0.0064411409,0.0003814597,8.9213957e-05,0.00014456643,4.4709826e-05,0.00027825994,8.9200914e-05,0.9921569,0.00037455202
20170404-153837-0.jpg,7,7,0.0021495319,0.0003575328,0.0010448084,0.0010056122,0.00013222723,8.2623691e-05,0.00089979267,0.99040584,0.0039220275
20170404-153902-0.jpg,7,7,0.00014747109,0.0011168825,9.669821e-05,0.00050961728,3.757221e-05,2.2392767e-05,0.00061917228,0.99461363,0.0028365628
20170404-153924-0.jpg,7,7,0.0037932811,0.00094357281,0.00010595279,0.0004525254,0.00011774748,0.00021656398,0.0010380836,0.98836256,0.0049697088
20170404-153946-0.jpg,7,7,0.00016243851,0.00024204762,0.00015072272,0.00036614753,7.6522554e-05,6.076447e-05,0.00033580044,0.99815537,0.00045019039
20170404-153959-0.jpg,7,7,0.0025749115,0.001265868,0.00023969636,0.0014665509,9.0088691e-05,0.00012747398,0.00029872651,0.98893648,0.0050002085
20170405-154714-0.jpg,0,0,0.97299788,0.0010970054,4.0270552e-05,8.5023381e-05,5.7240882e-05,9.2350988e-05,3.0049945e-05,0.025321173,0.00027900179
20170405-154756-0.jpg,0,0,0.409631,0.035419639,0.0018913471,0.021761847,0.0009526127,0.0035997056,7.8565929e-05,0.37448559,0.15217969
20170405-154952-0.jpg,0,8,0.34459353,0.0063303709,0.00018576428,0.004299694,0.00023616701,0.00056757987,6.0982736e-05,0.018190278,0.62553563
20170405-155206-0.jpg,0,0,0.84579525,0.0010429344,0.00022249676,0.00024860306,0.00018769837,0.0019220522,1.8927007e-05,0.14855453,0.0020075146
20170405-155257-0.jpg,0,0,0.99601747,0.0020006054,0.00019089733,4.0519698e-05,0.00030067786,0.0001033669,0.000289408,0.00060312068,0.00045393841
20170405-155438-0.jpg,0,0,0.69197182,0.0013177406,0.0016110543,0.21506862,0.00023023225,0.002072096,0.00011895365,0.017590395,0.070019083
20170405-155840-0.jpg,0,0,0.95047055,0.017677348,0.00044267544,0.0013378268,0.00010926367,0.0014400178,4.5014269e-05,0.021182538,0.0072947612
20170405-155903-0.jpg,0,7,0.40532126,0.0061547318,0.00096837211,0.0072414639,0.00020313652,0.00019924893,7.3585178e-05,0.49582095,0.084017244
20170405-155929-0.jpg,0,0,0.8418604,0.0037754279,9.0670568e-05,0.00022783036,0.0002904815,7.9438394e-05,0.00032621352,0.15129101,0.0020585204
20170405-160203-0.jpg,0,0,0.86132955,0.0016424382,0.0012552526,0.1012851,0.00069449308,0.00038506194,0.0015841446,0.011757443,0.020066519
20170405-160241-0.jpg,0,7,0.40993147,0.00048896468,0.00049349197,0.0002941644,0.0071804084,0.00029533896,0.00010194473,0.55271282,0.028501394
20170405-160251-0.jpg,0,7,0.063544544,0.0059969244,6.5725111e-05,0.00072649988,5.281909e-05,0.00060237152,5.9106277e-05,0.88446343,0.044488575
20170405-160310-0.jpg,8,0,0.99620632,0.00042447495,7.9805203e-05,4.6548122e-05,0.00014860318,0.00029031141,5.1294657e-05,0.0023840656,0.00036858006
20170410-124256-0.jpg,0,0,0.98647113,0.0018233064,5.851846e-05,2.5161698e-05,0.00039093892,0.00016138731,9.8873884e-05,0.0072852456,0.0036854334
20170410-124301-0.jpg,0,0,0.56171176,0.00082334941,0.00044370471,0.0026551853,0.00030368335,0.0045618298,9.3500309e-05,0.40781621,0.021590782
20170410-124336-0.jpg,0,0,0.40080809,0.0054306313,0.00066634187,0.0037916474,0.0002175133,0.0010572975,5.5979154e-05,0.27099516,0.31697735
20170410-124543-0.jpg,0,0,0.58629035,0.0021865826,8.7759782e-05,0.0012331833,0.00011767258,5.3457144e-05,0.00033105098,0.40934628,0.00035366236
20170410-124556-0.jpg,0,7,0.39828867,0.0013071292,0.0005097545,0.063940819,0.00033839445,0.0014081377,0.0030777046,0.49331498,0.037814411
20170410-124729-0.jpg,0,7,0.01168943,0.0042868474,0.00057988564,0.0046942576,0.0021774353,0.0042187782,0.00076793337,0.95712494,0.014460495
20170410-124947-0.jpg,0,0,0.963402,0.0012036125,6.1679203e-05,0.00015637258,0.00084348654,0.00076525951,0.00044204603,0.032473775,0.00065176493
20170410-153340-0.jpg,7,7,0.055100401,0.014587875,0.00055547346,0.00062712073,0.00038344685,0.0085587501,0.00029169695,0.9191717,0.00072353238
20170410-153429-0.jpg,7,7,0.048635673,0.0035005995,0.00073174952,0.00023777856,0.00056961137,0.00146318,0.0045489339,0.92987145,0.010441024
20170410-153813-0.jpg,7,7,0.0077708672,0.026434429,0.00035959748,0.00053419588,4.9506256e-05,0.00020265273,7.6027746e-05,0.94991706,0.01465566
20170410-153913-0.jpg,0,0,0.93478138,0.00042202269,0.0001383333,0.00020755087,0.00021022818,0.00068539364,7.0679076e-05,0.017772217,0.045712199
20170410-154041-0.jpg,7,7,0.0071047489,0.00045019344,4.8401339e-05,0.00012819748,5.9120863e-05,0.00066112111,5.6125642e-05,0.990813,0.00067909446
20170410-154213-0.jpg,0,0,0.52420273,0.0010659673,0.0025494281,0.00087386484,0.0016485144,0.0048318356,6.6439036e-05,0.24491674,0.21984448
20170410-155859-0.jpg,7,7,0.015380319,0.00012455927,0.00014957904,5.9317843e-05,9.3361573e-05,0.00012934614,5.7996517e-05,0.98338061,0.0006249104
20170410-155936-0.jpg,7,7,0.0036616243,0.0004700799,5.5686423e-05,8.7350724e-05,2.0182661e-05,6.1787425e-05,2.4433895e-05,0.99331999,0.0022988696
20170501-142224-0.jpg,1,1,0.00042243719,0.99112613,0.00012053799,4.533444e-05,5.0747137e-05,0.00080253145,0.0036630436,0.00035694526,0.0034122923
20170501-142343-0.jpg,1,1,0.0052860106,0.97043926,0.00016877933,0.00031908825,8.4588971e-05,0.0019112979,2.0060068e-05,0.001485786,0.020285129
20170501-142429-0.jpg,1,1,0.0003169507,0.99759705,6.7731837e-05,0.00013010169,6.4105989e-06,5.9583208e-05,5.892339e-05,0.00099555424,0.00076769458
20170501-142730-0.jpg,1,1,0.013761626,0.84277672,0.001552278,0.00011240672,0.00013420704,0.05056291,0.017999743,0.00037746326,0.072722649
20170501-142803-0.jpg,1,1,0.0067708065,0.98741424,0.00028520472,0.00040054426,2.8731693e-05,0.0017653628,6.5039695e-05,0.00056581589,0.0027042496
20170501-142811-0.jpg,1,1,0.0018674041,0.99409087,8.6182073e-05,5.9147102e-05,1.7455712e-05,0.0028954575,0.00045515821,8.7391644e-05,0.00044093812
20170501-142839-0.jpg,1,5,0.1305754,0.3391115,0.001346056,5.2205774e-05,0.00021999322,0.49572249,0.0014202846,0.0019881482,0.029563923
20170501-143014-0.jpg,1,1,0.0011311706,0.97944857,0.00042935979,0.00028191404,3.2308086e-05,0.00093328078,1.5880274e-05,0.00087198451,0.016855527
20170501-143127-0.jpg,1,0,0.64102987,0.31443229,0.00016664943,0.00021622848,0.00020226325,0.0064901099,3.2895192e-05,0.03172191,0.0057077869
20170501-143256-0.jpg,1,1,0.033110188,0.9284356,0.0016959138,0.00089415945,0.00077535326,0.00029518829,2.655647e-05,0.031510022,0.0032570143
20170501-143703-0.jpg,1,1,0.00059481231,0.99716268,0.00049025457,0.00068527581,1.642627e-05,0.00013960021,0.00014555231,6.0022762e-05,0.00070538076
20170501-143728-0.jpg,1,1,0.0034922391,0.98058794,0.00157732,0.0022987661,8.5742204e-05,8.1073347e-05,4.2161433e-05,0.0092802731,0.0025544851
20170501-144249-0.jpg,1,1,0.0011049986,0.63464772,0.00038067897,0.00045848024,6.9196804e-05,0.00013532878,3.1085184e-05,0.00062142651,0.36255109
20170501-144335-0.jpg,1,7,0.0064462651,0.080043964,0.00046487569,0.00043508118,9.5808261e-05,0.00017208753,0.0001560611,0.85564585,0.056540009
20170501-144442-0.jpg,1,1,0.061563086,0.87648153,0.00025788263,0.0002261045,0.00010775786,0.00040109331,0.00069826243,0.034283639,0.025980644
20170501-144548-0.jpg,8,8,0.0010370082,0.00033058049,8.469727e-05,0.00010544663,1.1132183e-05,0.00014249486,7.1499946e-06,0.0017355667,0.99654592
20170501-144820-0.jpg,8,8,0.039413104,0.020015871,0.0021114516,0.0028324181,0.00013443331,0.0011192852,0.0023001862,0.15025971,0.78181354
20170501-144927-0.jpg,8,8,0.0013576511,0.00061600849,0.00041390963,1.4868195e-05,4.5005272e-05,7.6678004e-05,2.2033561e-05,0.0025677423,0.9948861
20170501-145033-0.jpg,8,8,0.0019550888,0.00064104731,0.00022069646,0.00012873629,2.205764e-05,0.0016850203,0.00011256416,0.00308794,0.99214685
20170501-145358-0.jpg,8,8,0.012113738,0.0011563146,0.00020073041,0.00027566864,2.0594962e-05,0.00018286192,1.504904e-05,0.0016027678,0.98443227
20170501-145436-0.jpg,8,8,0.0060263616,0.00038276961,0.00042486459,8.1749649e-05,4.1661628e-05,0.00020072951,2.5072196e-05,0.0034926542,0.98932414
20170501-145501-0.jpg,8,8,0.034100965,0.0061091144,0.0050836498,0.00041482756,0.00020043004,0.0013969788,7.9592098e-05,0.086994767,0.86561968
20170501-145533-0.jpg,8,8,0.027689986,0.0014565061,0.0004490094,0.00035407904,0.00024368205,0.00010936276,3.4728241e-05,0.02318288,0.94647977
20170501-145612-0.jpg,8,8,0.02283183,0.0013676312,0.00032744936,0.00093558677,0.0041292982,2.9920717e-05,3.5447194e-05,0.028739334,0.9416035
20170501-145819-0.jpg,8,8,0.079086546,0.00058684934,0.00062668627,0.00044035973,0.00084642143,0.00077409285,0.00043679697,0.098548508,0.81865374
20170521-153419-0.jpg,1,1,0.015063686,0.84962103,0.00029752484,0.00028709097,9.9285119e-05,0.0070635701,0.023908733,0.04430223,0.059356849
20170521-153505-0.jpg,1,7,0.017702911,0.033976772,0.00035030506,0.0004667362,7.3482466e-05,0.00010178752,0.00056973899,0.94418503,0.0025732418
20170522-093642-0.jpg,1,1,0.095917882,0.87072422,0.00010377883,9.4564905e-05,4.4263952e-05,0.00081613527,0.00075645442,0.015280496,0.016262208
20170522-123520-0.jpg,1,1,0.058680748,0.72177276,0.00067999672,0.00011934013,0.00042083419,0.094724116,0.00602357,0.08052752,0.037051118
20170610-121827-0.jpg,1,0,0.38931194,0.20435549,0.00034802827,0.0044598024,0.00069719911,0.0013355014,0.0010300499,0.056817793,0.3416442
20170610-122104-0.jpg,1,1,0.0062854263,0.89774977,0.00060622351,0.00013634183,9.6726027e-05,0.004104278,0.00042606296,0.013424314,0.077170858
20170610-122128-0.jpg,1,1,0.0068597929,0.97558889,0.00028369378,9.350218e-06,7.7357289e-05,0.00092007472,0.00036178319,0.0037717987,0.012127254
20170610-122203-0.jpg,1,1,0.0014548276,0.91094804,0.00071106836,0.00016544266,9.2411396e-05,0.00033192874,0.00099055103,0.036959717,0.048346012
20170610-122424-0.jpg,1,1,0.035864194,0.83439365,0.00059435327,0.0013492136,4.461451e-05,0.0054025978,0.00028839094,0.030584338,0.09147865
20170610-122621-0.jpg,1,8,0.024786966,0.29007955,0.00071394522,0.00016310871,0.00033033792,0.00080305126,0.0051129164,0.073330814,0.60467931
20170610-122657-0.jpg,1,1,0.019301063,0.60525946,0.0010278663,8.8986665e-05,0.00094822291,0.0013891873,0.00050547212,0.054937824,0.31654192
20170610-122844-0.jpg,1,1,0.02521465,0.88111623,0.00039621446,0.0054893058,0.00029905241,0.0008804194,0.0010544456,0.02799109,0.057558589
20170610-122854-0.jpg,1,1,0.06436685,0.85508472,0.00038746872,9.8348615e-05,0.00016000821,0.0014966222,0.032230713,0.01982918,0.026346094
20170610-123326-0.jpg,1,1,0.058389784,0.62614414,0.00031979543,0.00012824139,0.00022475534,0.0014487459,0.0019591737,0.0056954547,0.30568991
20170610-123517-0.jpg,1,1,0.00049544583,0.98577133,0.00017199646,0.00015564157,3.7426963e-05,0.00060271996,0.0010517422,0.00090208988,0.010811606
20170610-123756-0.jpg,1,8,0.0048511161,0.16722645,0.00019799995,0.0025889401,7.3513873e-05,0.00044752095,8.9662381e-05,0.019477663,0.80504713
20170610-124003-0.jpg,1,8,0.0062808325,0.19042183,0.00012014949,7.0725554e-05,4.142676e-05,0.0019228146,8.1131278e-05,0.0025895638,0.79847152
20170610-124209-0.jpg,1,0,0.41720097,0.27351991,0.0017095875,0.0021958093,0.00060641326,0.010986529,0.00084092642,0.063618591,0.22932126
20170627-103439-0.jpg,0,0,0.78749064,0.00056768654,0.007015147,0.0055920531,0.011345507,0.0010775672,0.000134308,0.069602878,0.11717421
20170627-103800-0.jpg,0,0,0.96452141,0.00041123029,7.8741262e-05,0.00078420123,0.00022087992,0.00095220799,3.4420295e-05,0.02337544,0.0096214662
20170627-103912-0.jpg,0,0,0.96453309,0.00020159192,0.00028469245,0.007468869,0.00042492963,0.00056051429,3.2095959e-05,0.024681994,0.0018122189
20170627-104139-0.jpg,0,0,0.99816041,0.00026297871,6.4622052e-05,7.1158281e-05,0.00010403312,0.00020774423,1.4417746e-05,0.00037651654,0.00073811478
20170627-104522-0.jpg,7,7,0.0020014124,0.00026744382,1.4662512e-05,3.1259992e-05,4.4439896e-05,0.00014835015,2.1680847e-05,0.9951294,0.0023413538
20170627-104818-0.jpg,7,7,0.0029174435,0.00026016378,1.4605824e-05,6.7061838e-05,2.5690198e-05,0.00017802996,2.9615398e-05,0.99634359,0.00016380294
20170627-105129-0.jpg,7,7,0.018168313,0.0033942216,7.345503e-05,6.7746998e-05,0.00029274274,0.0073590386,0.0098919167,0.96056918,0.00018338174
20170627-105314-0.jpg,0,8,0.045208889,0.021860048,0.018105266,0.0012017939,0.0017282702,0.0016226755,0.007431545,0.12416099,0.77868052
20170630-150531-0.jpg,7,7,0.0019820116,0.00036813075,9.4826011e-05,5.6037722e-05,0.00050699929,0.00040389014,0.001444682,0.99505408,8.9344248e-05
20170630-151031-0.jpg,7,7,0.016909534,0.00020859468,9.0841697e-05,3.4017071e-05,0.00030707591,0.0017396639,0.00063275215,0.97999436,8.3159429e-05
20170630-151649-0.jpg,7,7,0.0046328493,0.0035580106,4.1387383e-05,0.00057417554,0.00013787131,0.00017037618,0.00016567856,0.98351347,0.0072061789
20170630-151804-0.jpg,7,7,0.051724307,0.037238165,8.7810132e-05,0.00060816826,0.001252188,0.00047056757,0.0016244354,0.90423034,0.0027640166
20170630-152017-0.jpg,7,7,0.022688363,0.016859218,0.00021177794,8.4975027e-05,0.00047990089,0.0011315571,0.00038400138,0.93285726,0.02530295
20170630-152127-0.jpg,7,7,0.0096432476,0.0009175253,4.0486671e-05,5.1650042e-05,0.00016224516,0.00011732831,3.4930471e-05,0.98679402,0.0022385677
20170630-152150-0.jpg,7,7,0.007217413,0.0030995185,4.2955814e-05,0.00020230257,0.0001795003,4.8096317e-05,9.4986846e-05,0.98545738,0.0036578438
20170630-152500-0.jpg,7,7,0.016107826,0.019973174,0.00027230797,0.00015688181,6.3794532e-05,0.00023677379,0.00086186769,0.93098562,0.031341757
20170630-152604-0.jpg,7,7,0.0065958479,0.0034362052,4.0295132e-05,7.9758581e-05,2.7122749e-05,2.9848987e-05,0.00010169127,0.9802232,0.0094660299
20170630-153511-0.jpg,8,8,0.14646811,0.27460308,0.00049770333,0.00090344238,0.00085015268,0.00054958637,0.0001466665,0.21755763,0.35842363
20170630-153631-0.jpg,7,5,0.028596312,0.0010008589,0.0020571075,0.00052273432,0.0060610523,0.50661212,0.00067851155,0.45239575,0.0020755455
20170630-153907-0.jpg,8,8,0.043337005,0.0017584841,0.00012163777,0.00023545084,0.00072429156,0.00080854922,0.00051356187,0.0013193907,0.95118163
20170630-154345-0.jpg,7,7,0.0032223077,0.0002707592,4.9294906e-05,5.7829852e-05,3.2169604e-05,0.00012201118,0.00016297732,0.99599888,8.3770689e-05
20170630-154406-0.jpg,7,7,0.019620209,0.00029138532,0.00060822333,0.00081429289,0.00044163813,0.0074718844,0.00028300544,0.96932878,0.0011405789
20170630-155109-0.jpg,7,8,0.014888796,0.0014153217,0.017106255,0.012161449,0.0015972787,0.14434892,0.00047972122,0.022318836,0.78568342
20170630-155129-0.jpg,7,8,0.016144009,0.00091864953,0.004041754,0.0023338885,0.00061036019,0.0046125779,0.0012512541,0.0031479953,0.96693951
20170630-155212-0.jpg,7,7,0.0042778751,0.0096398727,0.001003665,0.00061564543,0.00013194787,0.00067938127,0.00022381741,0.97290741,0.010520385
20170630-155415-0.jpg,7,7,0.001022178,5.5307748e-05,1.6487945e-05,9.0577152e-05,2.2382715e-05,3.8649693e-05,2.5906133e-05,0.99864761,8.0902962e-05
20170630-155544-0.jpg,7,7,0.0079571967,0.00084955086,4.6989199e-05,7.6212971e-05,5.7994329e-05,0.00037275463,0.00057614295,0.98999683,6.6331046e-05
20170630-155948-0.jpg,7,7,0.0060255987,0.00072032304,2.9077973e-05,6.8195011e-05,4.2306343e-05,6.5000265e-05,6.3772951e-05,0.98207657,0.010909154
20170630-160224-0.jpg,7,7,0.0039836412,0.00023858736,3.2173014e-05,0.00075292363,7.4181525e-05,5.3154032e-05,0.00099258102,0.92934053,0.064532231
20170630-160239-0.jpg,7,7,0.0081133833,0.0082845357,6.546591e-05,0.014175574,0.00042165531,5.6122251e-05,0.00020698321,0.95638744,0.012288841
20170630-160252-0.jpg,7,7,0.030434293,0.021822556,0.00011158726,0.0014902263,7.3905102e-05,0.0006730716,0.00045168113,0.88334119,0.061601491
20170704-151330-0.jpg,7,7,0.061924739,0.003046722,4.9419445e-05,0.0014405833,0.00048240834,1.5288924e-05,5.1186414e-05,0.92419049,0.0087991675
20170704-151510-0.jpg,0,7,0.4343358,0.0017745643,0.00046588849,0.00070553571,0.0051037384,0.00065526296,0.0030113151,0.55263626,0.0013116367
20170704-152032-0.jpg,0,7,0.081302166,0.034648616,0.0012602452,0.0034286315,0.0041638501,0.031485186,0.0029581,0.46130633,0.37944687
20170704-153451-0.jpg,0,0,0.63943796,0.0014742878,0.00011233408,0.00031466109,0.001090068,0.0093777649,0.00024223489,0.34302232,0.0049283709
20170704-153719-0.jpg,0,7,0.077771451,0.022902554,0.0023361798,0.33620257,0.00028809256,0.0031104141,0.0013044988,0.35725547,0.19882878
20170704-153756-0.jpg,7,8,0.039097988,0.0025181929,0.0033065668,0.00619977,0.0092270438,0.001250775,0.0013246977,0.18040664,0.75666833
20170704-153838-0.jpg,7,0,0.79846039,0.0083862511,0.00047853629,0.0008356009,0.0014210245,0.00133466,0.0055683297,0.099034874,0.084480329
20170704-154257-0.jpg,7,7,0.027799616,0.017189092,0.00022767225,0.029796817,0.0012496714,0.00034136191,0.0019334536,0.91594484,0.0055174717
20170704-154449-0.jpg,7,7,0.22295774,0.026334394,0.00013007757,0.00056079976,0.00020723586,0.00025282701,0.00040754519,0.72017417,0.028975208
20170704-154603-0.jpg,0,0,0.69276198,0.001733556,0.00019989289,0.0025800913,0.00323017,0.0022564215,0.003074587,0.28207963,0.012083666
20170704-155143-0.jpg,7,7,0.27423958,0.098836987,0.00021423348,0.0030541846,0.000250842,0.00057480326,0.00010620599,0.5563446,0.066378561
20170704-155526-0.jpg,7,7,0.010385206,0.0038210325,0.0011329914,0.00025707952,0.00030230622,0.00017386543,0.00028388256,0.85699847,0.12664517
20170705-160734-0.jpg,7,7,0.013634405,0.00093252235,0.0005662664,0.00035939775,6.4374025e-05,0.0010682299,0.0002479691,0.876746,0.10638084
20170705-160802-0.jpg,7,7,0.022803481,0.0070135368,0.0003500417,0.0010134621,0.00023541538,0.00094113863,0.00059543304,0.92237173,0.04467576
20170705-161037-0.jpg,7,7,0.054229404,0.00073982274,0.00017946844,0.0014458268,0.0067087561,0.0016988856,0.0018703135,0.92557609,0.0075514286
20170705-161257-0.jpg,7,7,0.0022827779,0.00038606929,0.00085482895,0.0028222045,0.0017129217,0.00052264095,0.00064685714,0.97985785,0.010913854
20170705-161808-0.jpg,7,7,0.027635324,0.0074132946,3.5583085e-05,0.0026249252,0.00016551331,0.00054075978,0.0004680334,0.93982365,0.021292916
20170705-161916-0.jpg,7,7,0.19305289,0.0052030105,8.8106944e-05,0.00014814508,0.00010074877,0.0013853421,0.00018459373,0.79555364,0.0042835306
20170705-162004-0.jpg,7,7,0.021715244,0.0039378534,0.0003635516,0.00044945514,0.0008143575,0.0001818153,0.00046825676,0.51289563,0.45917383
20170705-162307-0.jpg,7,7,0.0058396119,0.00049675572,7.9548823e-05,0.0013059629,0.00014191,0.0012032472,0.00022208808,0.97923728,0.011473598
20170705-162401-0.jpg,7,5,0.20982719,0.02119933,0.00098194473,0.00025694069,0.0010490032,0.48987426,0.0010078962,0.2688734,0.0069300275
20170705-162506-0.jpg,7,0,0.72884401,0.0021254605,8.5964735e-05,0.00056045248,0.0076040927,0.0024028264,3.2778433e-05,0.25456218,0.0037822316
20170705-162907-0.jpg,0,7,0.023981552,0.00081636438,0.00043229292,0.0044860772,0.0033154406,0.00034227428,0.00015266371,0.73136766,0.23510567
20170705-163451-0.jpg,7,7,0.029078233,0.001335933,5.9422507e-05,0.0044149895,0.00017534956,0.00025573978,0.00010029942,0.96241638,0.0021636542
20170705-164137-0.jpg,7,7,0.031471231,0.0013123838,0.0013017212,0.0011226888,0.0018952562,0.00077394541,0.00014574069,0.86633761,0.095639427
20170705-164213-0.jpg,7,7,0.018147873,0.00083316107,0.00017880859,0.00081104597,0.00017948626,6.475101e-05,0.00017685025,0.8667121,0.11289592
20170705-164828-0.jpg,7,7,0.10506992,0.0046533774,0.00020227528,0.00048043198,0.0003183391,0.010505045,0.00047657878,0.87188709,0.0064069414
20170705-164946-0.jpg,7,7,0.29610389,0.00062200397,0.00015178101,0.0089896703,0.017856657,0.0008657256,0.00013038391,0.66744919,0.0078307023
20170705-165054-0.jpg,7,7,0.0096204763,0.018242525,0.00088136943,0.0026554395,0.0013020258,0.00062019836,0.001180523,0.88349069,0.082006751
20170705-165107-0.jpg,7,7,0.019140802,0.0032319242,0.00010820703,0.0042156705,0.00027947967,0.00069349883,0.00048930952,0.88091568,0.09092543
20170705-165136-0.jpg,7,7,0.059921058,0.006033918,0.0013504867,0.011652591,0.0064658773,0.0021224256,0.0004693803,0.750038,0.16194626
20170705-165958-0.jpg,7,7,0.038852461,0.0046133975,3.1161939e-05,0.0014116987,0.00042863079,0.00020766841,5.7535765e-05,0.94474434,0.0096531056
20170705-170053-0.jpg,7,7,0.005211888,0.00024710009,0.00019029437,0.010412734,9.7537028e-05,1.4799611e-05,0.0001198647,0.96719196,0.016513818
20170705-170314-0.jpg,0,7,0.16871325,0.00081538414,0.00028740769,0.01810417,0.0088766312,0.00081989085,0.0012439205,0.66050638,0.14063297
20170706-105716-0.jpg,7,7,0.11956477,0.00024798625,0.00026664668,0.0059814225,0.019356988,0.00033792367,0.00011018883,0.83180247,0.022331607
20170706-110048-0.jpg,7,7,0.1704864,0.015890404,0.00048349968,0.0011322329,0.0011273456,0.00012888123,0.000184426,0.55125384,0.25931297
20170706-110411-0.jpg,7,7,0.023968425,0.0071519482,0.0006422692,0.0022029123,0.00010107031,0.0011748688,0.00045275645,0.6213502,0.34295555
20170706-111355-0.jpg,7,7,0.15452958,0.0099042569,0.00016844908,0.0099788167,0.0098511606,0.00035562441,0.0021716442,0.68977325,0.12326722
20170706-112058-0.jpg,7,7,0.0021673017,8.0701131e-05,0.00011092761,0.0012933937,0.00061524663,7.6803028e-05,0.00016511798,0.98588834,0.0096021678
20170706-112528-0.jpg,7,7,0.080376981,0.0013975903,0.00024759685,0.0036908801,0.048046107,0.00026360445,0.0002188009,0.84083425,0.024924184
20170706-113058-0.jpg,7,7,0.022397787,0.00028761587,0.00011023906,0.0011578663,0.00061049565,0.00026475187,3.9667998e-05,0.81221751,0.16291406
20170706-113305-0.jpg,7,8,0.0070209115,0.0010209513,0.00062616329,6.6523089e-05,0.00051614194,0.00011592589,7.9579513e-05,0.014726687,0.97582712
20170706-113440-0.jpg,7,7,0.22397875,0.0013885478,0.00011039465,0.00032287246,0.001608505,0.00096622988,0.00022227538,0.63232591,0.13907651
20170707-110403-0.jpg,7,7,0.021673914,0.0012356753,0.00014036471,0.019665919,0.0019258537,8.4973553e-05,7.8990228e-05,0.94895529,0.0062390211
20170707-111523-0.jpg,7,0,0.44930012,0.046326883,0.086096578,0.012452921,0.15662987,0.00066831617,0.0009137995,0.22501865,0.022592865
20170707-111904-0.jpg,0,8,0.0084441573,0.0004555655,0.00037267522,0.0039709328,0.00056616637,0.00018348286,0.00023039209,0.02640714,0.95936949
20170707-113101-0.jpg,7,8,0.12392846,0.0043281639,0.0012171669,0.00053795789,0.0019234005,0.0098182167,6.4908122e-05,0.079150809,0.77903092
20170707-113143-0.jpg,7,7,0.072485769,0.0013836811,7.710526e-05,0.015990631,0.00025501892,0.00014922834,6.4040079e-05,0.85414671,0.055447815
20170707-113201-0.jpg,7,7,0.13829254,0.0020467032,0.00016820006,0.00061803834,0.00090179051,0.01703371,6.1748144e-05,0.68726732,0.15360995
20170707-113317-0.jpg,0,0,0.79794294,0.0032089707,0.00039650729,0.0035041016,0.0022714468,0.0010195258,0.0001146784,0.15705445,0.034487379
20170707-113921-0.jpg,0,0,0.75744463,0.0042367991,0.0278919,0.0045630166,0.005950155,0.0011527541,2.8304376e-05,0.056843154,0.14188929
20170707-114844-0.jpg,0,7,0.17427688,0.027260461,0.0023294725,0.0080411073,0.00021973161,0.0037941328,0.003647428,0.55960653,0.22082425
20170711-113028-0.jpg,0,0,0.77845768,0.0017206627,0.0030423734,0.020388061,0.021005668,0.0058388167,0.00016524681,0.1157252,0.053656292
20170711-113055-0.jpg,0,7,0.22641405,0.00047331307,0.0071195758,0.10386348,0.074071231,0.011338449,0.0014392825,0.51024931,0.065031308
20170711-113229-0.jpg,0,4,0.039787812,0.00031424483,0.0067841931,0.13393066,0.53800547,0.0013470555,0.0040027195,0.0019265538,0.2739013
20170711-113440-0.jpg,7,7,0.064060827,0.020488917,0.03435399,0.0070560895,0.10278417,0.00033682482,0.0012774086,0.42480635,0.34483542
20170711-115741-0.jpg,0,0,0.86025493,0.0015412744,0.0012857676,6.5338272e-05,0.00027723535,0.00037770336,0.00030693856,0.051166917,0.0847239
20170711-115907-0.jpg,0,0,0.5265576,0.0095599455,0.15720119,0.0015650197,0.0026695294,0.0017348033,0.0060198679,0.010772062,0.28391999
20170711-120643-0.jpg,0,0,0.470399,0.0052931418,0.0015128499,0.00078225372,0.0002600557,0.0062617778,3.2543815e-05,0.048359144,0.46709923
20170711-120923-0.jpg,0,0,0.40863591,0.011001327,0.00072672217,0.00053631559,0.00037925549,0.0076091565,0.0012501565,0.24042715,0.32943401
20170711-121335-0.jpg,0,0,0.98328376,0.0040503462,0.00037951368,6.9234709e-05,0.00021510524,8.5950485e-05,1.2267558e-05,0.0015756213,0.010328206
20170711-121448-0.jpg,0,0,0.93711592,0.0077305538,0.0086572253,0.00053463855,0.0017904671,0.011387465,0.00038687898,0.0045674047,0.027829448
20170714-110509-3.jpg,1,1,0.0078510603,0.97688129,0.00012538342,2.7745165e-05,0.00012417877,0.00017149058,0.0044195365,0.00087664135,0.0095226718
20170714-110520-3.jpg,1,1,0.19013342,0.55370917,0.0025104857,0.0004716184,0.0027108339,0.00078658447,0.22518799,0.0090727468,0.015417154
20170714-110600-3.jpg,1,6,0.22577207,0.33600106,0.0010578395,0.00035649345,0.00098904391,0.001717771,0.42191651,0.0057826138,0.0064065987
20170714-110618-3.jpg,1,1,0.0026803413,0.98969581,0.00013586991,0.00023029678,3.4283119e-05,6.4803868e-05,7.1274645e-05,0.0038273111,0.0032600089
20170714-110651-3.jpg,1,1,0.0057626983,0.95144062,0.00015359214,0.00019230398,7.2075674e-05,0.00012792438,0.00010394867,0.011193303,0.030953538
20170714-110741-1.jpg,1,7,0.085902809,0.020773862,0.0004357087,0.00099609081,0.00033221147,0.00081149974,0.025885941,0.4493162,0.41554568
20170714-110804-3.jpg,1,1,0.00024386355,0.99108709,0.00012656369,2.6424162e-05,8.9401371e-06,0.00018894218,0.00017433192,0.00013008644,0.0080137549
20170714-110825-1.jpg,1,8,0.00025018748,0.00066013171,0.00011685943,1.3951816e-05,1.5809671e-05,7.7246302e-05,0.00036071963,0.00016217727,0.99834292
20170714-110855-2.jpg,1,1,0.00024894218,0.99878339,0.00018439684,0.00012145361,2.1825298e-05,0.00012180801,5.4565363e-05,0.00031173308,0.00015188808
20170714-110952-3.jpg,1,1,5.129922e-05,0.99899596,0.00014546795,6.321015e-05,1.0316692e-05,4.0954378e-05,8.0200708e-05,0.00014567568,0.00046691496
20170714-111045-1.jpg,1,1,0.005424664,0.98854246,0.00021799438,1.0907192e-05,3.3630527e-05,0.00016280113,5.5766662e-05,0.00053411449,0.005017664
20170714-111117-1.jpg,1,1,0.0006939724,0.99624988,0.00031409751,0.00042579515,5.9316623e-05,0.00020282136,2.3433588e-05,0.00095627254,0.0010744153
20170714-111132-2.jpg,1,1,0.00032978445,0.98878941,0.00015414691,2.3774379e-05,3.8441252e-05,0.00066146918,0.00034627755,0.001039261,0.0086174309
20170714-111256-2.jpg,1,1,0.00046801801,0.99636162,0.000198478,0.00021461277,1.6809195e-05,1.5641278e-05,8.1650947e-05,0.00022272666,0.0024204448
20170714-111315-1.jpg,1,1,0.00026120683,0.9978999,0.00027510174,0.00018493365,1.283712e-05,2.2178551e-05,1.3067668e-05,0.00018656798,0.0011442037
20170714-111434-2.jpg,1,1,0.0012076263,0.98901918,0.00069705082,0.00064990211,8.8806338e-05,4.1819067e-05,0.00016521095,0.0069345619,0.0011958453
20170714-111501-2.jpg,1,1,0.00049948903,0.99615248,0.00099210924,0.0003312026,8.4374678e-05,0.00034967442,0.00010767195,0.00088852288,0.00059447294
20170714-111546-1.jpg,1,1,0.0013667217,0.99429436,0.00087834468,0.00014350295,2.1852796e-05,0.00023426544,2.7927087e-05,0.00017826131,0.0028547678
20170714-112144-3.jpg,1,1,0.0039941689,0.91414304,0.0025889508,0.003687102,0.0016652656,0.00062520474,0.0011103701,0.068088239,0.0040976594
20170714-112445-2.jpg,1,1,0.21906647,0.44862383,0.0017104898,0.0003184107,0.00013928502,0.025075183,4.7331294e-05,0.026085407,0.27893359
20170714-112512-2.jpg,1,1,0.00050676949,0.97890011,0.0026264245,0.00031054883,3.1539628e-05,0.00023469847,5.7013084e-05,0.00037385602,0.016959042
20170714-112604-2.jpg,1,1,0.0012551715,0.95234701,0.0013689862,0.00091051889,5.3403861e-05,0.0015944688,0.00028796599,0.0020986697,0.040083806
20170714-112620-2.jpg,1,1,0.00051357787,0.94395237,0.0071038926,0.0014540216,5.2983319e-05,0.00082464282,0.00033958705,0.0043669911,0.041391935
20170714-113205-2.jpg,1,1,0.033088629,0.92084052,0.0014714712,8.1558118e-05,0.00016071413,0.0034247585,0.021319004,0.018686335,0.00092701222
20170714-113316-2.jpg,1,1,0.00096660419,0.99229756,0.0001688365,7.5628673e-05,2.2866244e-05,0.00025869903,0.00031070609,0.00078908864,0.0051100139
20170714-113340-2.jpg,1,8,0.0046640712,0.30771737,0.00030080845,0.00093641605,4.8991237e-05,0.00025766484,0.00065270422,0.00088449725,0.68453747
20170714-113609-3.jpg,1,0,0.63079049,0.012122559,0.00031944953,0.00010322496,0.0010477063,0.0055900568,0.00052483973,0.023709288,0.32579239
20170714-113807-2.jpg,1,7,0.12816009,0.2283461,0.0003535375,0.0022644641,0.00046575688,0.00036033786,0.0002058975,0.51217121,0.12767261
20170714-113852-2.jpg,1,1,0.00045156226,0.93151088,0.00023961319,0.00017365506,4.4386514e-05,0.0011777824,0.055967888,0.007398683,0.003035545
20170714-113918-2.jpg,1,8,0.038021512,0.23777109,0.0021277411,0.00028034374,0.0014927574,0.00019052179,0.00086322415,0.0051650822,0.71408772
20170714-114326-2.jpg,1,1,0.0047033811,0.91359517,0.0011119241,0.010905617,0.00077085034,0.00019986391,0.004289067,0.00047717529,0.063946947
20170714-114421-2.jpg,1,6,0.003685592,0.35716956,0.0017057885,0.0003443372,0.00026189941,0.013717165,0.48765442,0.032629941,0.1028313
20170714-114527-2.jpg,1,1,0.0017646666,0.95777552,0.00018664401,0.00023736492,0.00020580756,0.00044764307,0.016052165,0.0092937015,0.014036489
20170714-114719-3.jpg,1,1,0.00018716622,0.99314336,0.00056842815,5.0798195e-05,1.9726663e-05,0.00029714357,0.005459073,1.9362045e-05,0.00025493718
20170714-114743-3.jpg,1,1,4.991237e-05,0.99931583,8.5136248e-05,0.00011850666,1.2549911e-05,9.3953361e-05,3.3441138e-05,6.083598e-05,0.00022983073
20170714-115130-2.jpg,1,1,0.0043915807,0.43433312,0.0012571359,0.001093996,0.00011696019,0.04532915,0.10249783,0.048349054,0.36263118
20170714-115243-2.jpg,1,1,0.00036582803,0.99739748,0.00026656856,6.0739396e-05,2.0196481e-05,0.0003485319,0.00021021252,0.0010772933,0.00025314826
20170714-115519-2.jpg,1,1,0.0024673234,0.88199984,0.0033380669,0.036144125,0.0009056114,8.1819312e-05,0.050328729,0.0055557441,0.019178742
20170714-115729-3.jpg,1,1,0.0003558673,0.99706779,0.00031060381,0.00035546853,1.4751946e-05,0.00021061423,6.7143672e-05,0.00024403647,0.0013737274
20170714-115904-1.jpg,1,1,0.00029001062,0.99794652,0.00056725537,0.00034448472,3.3884703e-05,6.3507296e-05,4.7755141e-05,0.00011535903,0.00059122512
20170714-115907-3.jpg,1,1,0.00027032935,0.99789166,0.00015437264,6.5466751e-05,3.8308416e-05,3.3880161e-05,0.00019163394,0.00011782209,0.0012365299
20170714-115933-1.jpg,1,1,0.0071145722,0.9268496,0.0012584894,0.0027366036,9.6954e-05,0.001249789,3.136871e-05,0.025326425,0.035336203
20170714-120132-2.jpg,1,1,0.0040578714,0.96568431,0.00075016691,0.0035269216,3.1583333e-05,0.00038833222,3.4949333e-05,0.0045891718,0.020936696
20170714-120146-3.jpg,1,1,0.00012878738,0.99914632,0.00039606603,1.4694993e-05,7.7668017e-06,4.0391864e-05,2.505589e-05,8.177715e-05,0.0001591366
20170714-120228-3.jpg,1,1,0.00024359199,0.99897363,0.00020116235,5.6241991e-05,1.1972477e-05,7.0801955e-05,0.00011253322,0.00027562434,5.4438194e-05
20170714-120502-3.jpg,1,1,0.0018097907,0.99692704,8.827297e-05,3.7578701e-05,1.3499015e-05,6.3085534e-05,6.5434193e-05,0.00011360662,0.00088169616
20170714-120930-3.jpg,1,1,0.00015119501,0.99844684,6.1595481e-05,1.6614027e-05,4.7518608e-06,4.729608e-05,0.00055399028,5.9108959e-05,0.00065861223
20170714-121008-3.jpg,1,1,0.0022398006,0.97146232,0.00049750106,2.6994611e-05,0.00025153851,0.0004588622,0.011233883,0.00480653,0.0090225675
20170714-121303-2.jpg,1,1,0.023130856,0.78180288,0.0090380002,0.025122422,0.001079484,0.00023207473,0.00058262731,0.026453867,0.13255779
20170714-121542-3.jpg,1,1,0.033450787,0.92175081,0.00018725277,0.0029034937,0.00020541512,0.00011668888,0.016187083,0.024274258,0.00092421257
20170714-121934-2.jpg,1,1,0.0035764585,0.98769301,9.8736321e-05,9.1497749e-05,4.3705489e-05,3.3040867e-05,5.8043434e-05,0.002789463,0.0056160491
20170714-122115-2.jpg,1,1,0.0089671077,0.98455306,6.9025789e-05,3.6738524e-05,5.1925407e-05,9.1050979e-05,0.0013957229,0.004467543,0.00036782879
20170714-122340-2.jpg,1,1,0.0020457451,0.99407348,5.3751952e-05,8.3387296e-05,1.9025503e-05,7.8375142e-05,0.00033206643,0.003153903,0.00016026659
20170714-122534-2.jpg,1,0,0.53571882,0.33918683,0.00045693487,0.001091368,0.00056116552,0.00023624644,0.024709565,0.069150921,0.028888149
20170714-122658-3.jpg,1,1,0.0022621537,0.9931239,0.00015063048,0.00015364314,1.7856059e-05,0.00014399098,2.8188843e-05,0.0027420648,0.0013775718
20170714-122801-3.jpg,1,1,0.0018795797,0.99411694,0.00011432281,8.8553042e-05,2.9223712e-05,8.9761869e-05,2.8838436e-05,0.0026594249,0.0009933526
20170714-130008-1.jpg,1,1,0.36642563,0.54300265,0.00055339251,0.0010170743,0.000698529,0.0057602618,8.9185795e-05,0.043268279,0.039184999
20170714-130716-1.jpg,1,1,0.05883871,0.82199514,0.00030957718,0.0041704292,0.00033708235,0.0013518093,4.897926e-05,0.02495999,0.087988278
20170714-131200-1.jpg,1,1,0.072830032,0.90335203,0.00094574944,0.00034074718,0.0005571228,0.0018704741,0.00014064283,0.0068022422,0.013160964
20170714-132633-1.jpg,1,1,0.0015815062,0.99553005,0.0010407728,0.00029441818,3.9940602e-05,0.00040632368,1.9200306e-05,0.00016650451,0.00092128713
20170714-133626-1.jpg,1,1,0.00076833465,0.99420599,0.00079650333,2.3589868e-05,6.2712741e-05,0.00036264189,0.0027899676,2.1466906e-05,0.00096879632
20170714-133951-1.jpg,1,1,0.010801333,0.9277266,0.00032691541,0.0014158639,0.00028187692,0.0003662653,0.00014744846,0.029155767,0.029777928
20170714-134014-1.jpg,1,1,0.0042327611,0.9666654,0.00032342171,0.00011348247,0.00040653023,0.00055981474,0.0043033281,0.019612984,0.0037822802
20170714-134219-1.jpg,1,1,0.00023281643,0.99854689,0.00029031528,0.00024544579,3.8631088e-05,3.943451e-05,4.2157855e-05,0.00024733946,0.00031697401
20170714-135108-2.jpg,1,1,0.0020419045,0.9954753,0.00022339409,0.00038640519,5.05179e-05,1.3022829e-05,0.00038734254,0.00037649951,0.0010456138
20170714-135146-3.jpg,1,1,0.0042553453,0.99191893,0.00016230113,8.2311733e-06,5.9145817e-05,0.00022534655,0.00039197971,0.0020277903,0.00095092837
20170714-135211-3.jpg,1,1,0.00016855549,0.99883155,0.00051406134,3.5179964e-05,3.4583799e-05,5.9293433e-05,4.2080999e-05,0.00015851587,0.00015617654
20170714-135605-3.jpg,1,1,0.0058398688,0.97484906,0.00023932241,6.1566584e-05,9.1137594e-05,5.4955386e-05,0.0020559449,0.015579996,0.0012281496
20170714-140006-2.jpg,1,1,0.00041031602,0.99614828,0.00014109898,0.00027614719,2.3840855e-05,0.00020483876,0.00041611084,7.9628658e-05,0.0022997395
20170714-140012-1.jpg,1,1,0.0080790006,0.97003172,0.0003357739,0.0019807738,0.00018834935,0.0005285185,3.2088782e-05,0.0036014497,0.01522233
20170714-140131-1.jpg,1,1,0.035714554,0.88840289,0.00030678903,0.014834517,0.000577314,0.0013987551,0.00011347002,0.037854157,0.020797552
20170714-140157-3.jpg,1,1,0.20347758,0.45611927,0.001758329,0.0041889406,0.001605524,0.007287862,0.0039839149,0.25793508,0.063643497
20170714-140321-2.jpg,1,1,0.00024944374,0.99883114,0.00012375925,0.00014125796,1.3800011e-05,5.1019048e-05,6.1344073e-05,0.00014111335,0.00038712389
20170714-140523-2.jpg,1,1,0.0034743297,0.94576881,0.00028022458,0.0004347722,5.58619e-05,9.6553035e-05,8.5754069e-05,0.0057985381,0.044005152
20170714-140539-2.jpg,1,1,0.004641493,0.89065945,0.00022728954,0.00021939139,6.0828953e-05,0.00016262023,0.00014987152,0.0044624135,0.099416639
20170714-140623-1.jpg,1,1,0.0018038647,0.93955813,0.00042376311,0.00018534516,4.5628863e-05,0.00025725463,0.00015514998,0.043098807,0.014472056
20170714-141257-3.jpg,1,1,0.0038158829,0.98812531,0.00045472808,6.4342276e-05,2.9565077e-05,0.0005604694,0.00040833793,0.0044273605,0.0021140013
20170714-141300-2.jpg,1,1,0.0048749933,0.97673673,0.00029839863,0.00019382243,6.327195e-05,0.00011416497,0.016213706,0.0005992842,0.00090562857
20170714-141640-3.jpg,1,1,0.0018354141,0.98310555,0.00044037413,0.00016604047,0.00020348506,5.7469303e-05,0.013458206,0.00043155663,0.00030190831
20170714-141938-3.jpg,1,1,0.0027842556,0.99170414,0.00034100917,0.00028078336,0.00011688871,0.0013507413,0.002769007,0.0003896197,0.00026355379
20170714-142225-3.jpg,1,1,0.00042687022,0.9982237,0.00016848543,0.0001870394,9.3359231e-06,2.8384756e-05,2.6437574e-05,0.0003374968,0.00059224877
20170714-142422-2.jpg,1,1,0.00010007467,0.99776917,0.00015542584,0.00031263805,2.4251457e-05,4.2028664e-05,1.9218973e-05,0.00025324429,0.0013239485
20170714-142424-3.jpg,1,1,0.00054219853,0.99666281,0.00055919264,0.00033915318,8.0224958e-05,4.9150857e-05,0.00011063364,0.0015491995,0.00010743408
20170714-142445-3.jpg,1,1,0.012332769,0.51416426,0.0020474087,0.00068033008,0.0010265826,0.0048711805,0.43227469,0.021261463,0.011341319
20170714-142641-3.jpg,1,1,0.013517387,0.95885956,0.00043165454,0.00054141005,0.00015500406,0.00030936214,0.00016062354,0.02583989,0.00018511146
20170714-143122-2.jpg,1,1,0.0044563186,0.88565866,0.0011496027,0.00043817293,0.0001870512,0.0006288269,0.0001361196,0.00088604917,0.1064592
20170714-143138-1.jpg,1,1,0.015032722,0.97410473,0.00059301612,0.0023087989,0.00024991598,1.8732443e-05,4.4342067e-05,0.0011715881,0.006476151
20170714-143314-1.jpg,1,1,0.0034091557,0.98902064,0.00043112405,0.00033034166,5.5753454e-05,8.9354332e-05,4.2127841e-05,0.0015321016,0.0050894006
20170714-143353-1.jpg,1,1,0.0066291928,0.99111501,0.00034862605,0.00018707495,3.9511901e-05,0.0003511088,2.2598244e-05,0.00053462731,0.00077224577
20170714-143440-3.jpg,1,1,0.0015564177,0.98963279,0.00017965937,7.3243271e-05,1.6107288e-05,9.0202781e-05,0.00078247641,0.007493795,0.00017530553
20170714-143549-1.jpg,1,8,0.030253549,0.079006268,0.00010836545,0.006282453,0.0017122334,0.0022243436,0.00059955327,0.074609106,0.80520413
20170714-143702-2.jpg,1,7,0.003910313,0.1454502,0.00056971447,0.0018684428,0.00021134508,0.014258095,0.021492505,0.79810722,0.014132167
20170714-143747-1.jpg,1,1,0.0001646954,0.99104867,0.00058355127,0.00025503372,4.7498994e-05,0.00016972761,0.00016996238,0.00015702942,0.0074038361
20170714-144010-2.jpg,1,1,0.0071005126,0.96202519,0.00031446393,7.3248285e-05,6.6738223e-05,6.9281711e-05,0.00031818315,0.0010237542,0.029008624
20170714-144408-2.jpg,1,1,0.031144931,0.94969243,0.00048572987,0.0011055614,2.7754571e-05,0.00011858577,0.00025629741,0.013624243,0.0035444626
20170714-150201-1.jpg,1,1,0.10239981,0.86213289,0.00068304254,0.00063197031,0.0028503516,0.00017857595,0.00015658796,0.028874128,0.0020926431
20170714-150233-1.jpg,1,1,0.00037029535,0.69199315,0.0065175536,0.0013825972,0.0005515565,0.0033833085,0.006069429,0.00092684675,0.28880526
20170714-150335-1.jpg,1,1,0.00018094456,0.99836582,0.00026404201,0.00012634253,1.5673925e-05,3.7699174e-05,5.8911494e-05,8.7837725e-05,0.00086272368
20170714-150357-1.jpg,1,7,0.0070643946,0.33794645,0.0012970513,0.00041423447,0.0018010525,0.00085930732,0.027651036,0.58151264,0.04145384
20170714-165934-1.jpg,1,1,0.0012664762,0.99386403,0.00015062224,2.8746769e-05,1.5848835e-05,0.00075941703,1.3204175e-05,0.00046772343,0.003433928
20170714-165953-1.jpg,1,1,0.0089933033,0.93132811,0.00043591584,0.0020075021,0.00024814037,0.00016281875,0.00040499584,0.0277662,0.028653014
20170714-170023-1.jpg,1,1,0.0011946114,0.99718386,0.00017061707,0.00016643791,1.4895321e-05,0.00042547114,0.00010169565,0.00048197323,0.00026043366
20170714-170049-1.jpg,1,1,0.0020725476,0.92264021,0.0013874814,0.00055130284,6.2600242e-05,0.0010165193,0.0018719924,0.003709255,0.066688092
20170714-170312-1.jpg,1,1,0.0029821443,0.9822263,0.00020176731,0.00016046574,3.341862e-05,0.0001115013,2.6742109e-05,0.0013571967,0.012900464
20170714-170519-1.jpg,1,1,0.0001738646,0.99778628,0.00020924781,4.0851479e-05,2.2523718e-05,1.3965218e-05,3.0293495e-05,0.00070043174,0.0010225414
20170714-170622-1.jpg,1,1,0.0046449377,0.99083381,0.00018903495,3.6768283e-05,4.919101e-05,0.00022794409,1.752171e-05,0.0017692479,0.0022315427
20170714-175912-1.jpg,1,1,0.001799622,0.96795819,0.002492295,0.001187787,0.00017308474,0.00099821426,0.00035897982,0.010320841,0.014710983
20170714-190038-1.jpg,1,1,0.0023371799,0.97551991,0.00052505031,0.0052524833,0.00044743776,0.00080761062,0.00052249038,0.010734748,0.003853088
20170714-190053-1.jpg,1,1,0.00015031778,0.9972767,0.00013103737,0.00011300315,3.2638664e-05,1.1875536e-05,2.9453651e-05,0.001543223,0.00071175225
20170714-190315-1.jpg,1,1,0.001852926,0.88935278,0.0010512822,0.0027346174,0.0001222711,0.00049363025,0.0017449984,0.027238323,0.075409169
20170715-100942-1.jpg,1,1,0.00078561857,0.96473775,0.0015795123,3.3686138e-05,0.00012707628,0.00052235205,0.00040190976,0.00017679099,0.031635303
20170715-102940-1.jpg,1,1,0.0010973258,0.99712349,0.00016563627,7.5279276e-05,3.999222e-05,6.4186731e-05,5.9586314e-05,0.00048061242,0.00089389367
20170715-110117-1.jpg,1,1,0.0038735095,0.96004615,0.0011261898,6.7746389e-05,0.00034649621,0.00063182642,0.029730835,0.00087459694,0.003302653
20170715-111253-1.jpg,1,1,0.0046619254,0.98807104,0.00030415353,1.7816215e-05,3.1997154e-05,0.00012979399,0.00093839575,0.0039670046,0.0018778736
20170715-113722-1.jpg,1,1,0.012440254,0.96593024,0.0021394993,0.00065406494,0.00056278741,9.2021254e-05,0.0011714479,0.0031612614,0.013848427
20170715-114729-1.jpg,1,1,0.00044714187,0.99748926,0.00028429698,0.00010836009,4.9352013e-05,5.6818447e-05,0.00068839,0.0002779652,0.0005984151
20170715-120055-1.jpg,1,6,0.005243734,0.48973474,0.00066141027,0.0012089722,0.00021827344,0.00051654949,0.50168968,0.00028792732,0.00043870756
20170715-120750-1.jpg,1,1,0.00037945167,0.998381,0.00024316472,5.9103516e-05,1.2110667e-05,0.0002137155,0.00054527159,0.00010692045,5.9259133e-05
20170715-122816-1.jpg,1,1,0.00025985877,0.98293932,0.0012474821,0.00018663669,4.1557894e-05,0.00027856098,0.013670618,3.5134783e-05,0.0013408352
20170715-124714-1.jpg,1,1,0.0046591181,0.96267644,0.00076227986,0.00010007169,6.9504228e-05,0.00034177289,0.026610722,0.0011930058,0.0035870884
20170715-124738-1.jpg,1,1,0.0055534712,0.99281299,0.00035138474,7.3506994e-05,4.7636874e-05,0.00013723574,0.00057178837,7.8635455e-05,0.00037334859
20170715-131418-1.jpg,1,1,0.0015210032,0.99371318,0.00070072495,5.9809274e-05,8.5372626e-05,0.00010125619,0.0010099356,0.00012478762,0.0026839312
20170715-133445-1.jpg,1,1,0.00085695645,0.99754756,0.00027737431,3.7235655e-05,3.6874026e-05,4.117775e-05,0.00086715911,8.926958e-05,0.0002463957
20170715-143826-1.jpg,1,1,0.0017182772,0.99479129,0.0002535091,3.5316291e-05,1.3513782e-05,0.00012938185,0.0012874628,0.00078204541,0.00098920364
20170715-143923-1.jpg,1,1,0.0066123178,0.98942435,0.00050640851,0.00025240736,0.00020501588,0.00024710284,0.0010352412,0.00053488009,0.0011822758
20170715-144023-1.jpg,1,1,0.00026124124,0.99626244,0.00063256998,0.00030257306,3.6366641e-05,5.970528e-05,0.00014371962,0.00023970056,0.0020616803
20170715-144604-1.jpg,1,1,0.00069003681,0.99571551,0.00013844344,0.00011889492,3.3663738e-05,1.6440544e-05,0.00033322491,0.0011306584,0.001823124
20170715-152140-1.jpg,1,1,0.0033288161,0.96204017,0.00061947689,0.00022140379,3.4319758e-05,0.00033526888,0.032910189,0.00028306894,0.00022729113
20170715-161538-1.jpg,1,1,0.0010988549,0.99699356,0.00025598466,1.4734343e-05,8.1112465e-06,6.8266548e-05,0.00096988694,0.00049148538,9.9112464e-05
20170715-161925-1.jpg,1,1,0.0011491915,0.95555743,0.00090509176,6.5640482e-05,9.7218614e-05,0.0011163578,0.039032916,0.00010263464,0.0019735234
20170715-162301-1.jpg,1,1,0.00020860064,0.98192458,0.00027342083,7.0230159e-05,4.1450811e-05,0.00060522694,0.0015947943,0.0001545475,0.015127147
20170715-162547-1.jpg,1,1,0.0019310568,0.99551369,0.00010583831,5.0123521e-05,2.3476389e-05,4.8443158e-05,0.00044268813,0.00058926265,0.0012954198
20170715-162718-1.jpg,1,1,0.00038990992,0.99833328,0.00045192133,6.8210554e-05,4.2810844e-05,6.14894e-05,0.00011926791,3.3667076e-05,0.0004994426
20170715-170425-1.jpg,1,1,0.00050686033,0.99889748,0.00013631117,6.7641713e-05,8.1528698e-06,8.4711509e-05,9.6922305e-05,9.6588133e-05,0.00010532717
20170715-170432-1.jpg,1,1,0.0026341313,0.99621648,0.00020472515,4.0981797e-05,1.2505544e-05,0.00017045551,0.00035052713,0.0002028803,0.00016731227
20170715-174155-1.jpg,1,1,0.00030106681,0.99763038,0.00044519688,6.6940499e-05,2.3501789e-05,6.3981587e-05,0.0011742126,3.8702821e-05,0.00025601713
20170715-174216-1.jpg,1,1,0.00041364336,0.99786804,0.00014648761,3.9552803e-05,8.6860748e-06,7.8285508e-05,0.0012915391,5.7599932e-05,9.6163598e-05
20170718-094237-2.jpg,0,0,0.97618545,0.0069436364,0.00033899926,0.0018106566,0.00012351359,0.0014418496,6.9740662e-05,0.01245562,0.00063053057
20170718-094823-2.jpg,0,0,0.98749076,0.0015109615,0.00017351482,0.0003816486,4.1345533e-05,0.00023661564,3.2098927e-05,0.0018690387,0.0082640204
20170718-095143-2.jpg,0,0,0.86352515,0.000463563,0.0004222985,0.0033565266,0.00069435601,0.00018208466,0.00014439811,0.044638436,0.086573183
20170718-100028-2.jpg,0,0,0.97869162,0.00043295702,3.0255639e-05,4.3752495e-05,0.00088497682,0.00033195111,8.8159374e-05,0.019344209,0.00015212304
20170718-100046-2.jpg,0,0,0.84659687,0.043185112,0.00014082972,0.00080072649,0.00023766825,0.0040417472,0.00047502341,0.091934806,0.012587212
20170718-100509-2.jpg,0,8,0.26325092,0.0005952926,0.00078135788,0.0061386793,0.00095099951,0.0017892729,0.00028586101,0.15696256,0.56924506
20170718-100551-2.jpg,0,0,0.93128804,0.00037026852,0.0062084297,0.023399179,0.0043968876,0.00014578894,4.9806074e-05,0.018525421,0.015616184
20170718-101135-2.jpg,0,8,0.024687665,0.038340621,0.00010744207,0.00068895173,0.00014017108,7.0905212e-05,5.0163057e-05,0.037134343,0.89877974
20170718-101313-2.jpg,0,7,0.088929684,0.0046691769,0.00021746797,0.068665529,0.0020422823,0.0056178384,0.00033797251,0.82609257,0.0034274768
20170718-101417-2.jpg,0,0,0.96982045,0.00028030554,2.9485492e-05,0.00020637236,0.00093068856,0.0048540595,1.4761997e-05,0.021543833,0.0023200402
20170718-101439-2.jpg,0,4,0.20288575,0.02173461,0.0023802454,0.042349651,0.52433847,0.000331725,0.00035445698,0.074451789,0.1311733
20170718-101446-2.jpg,0,0,0.944928,0.0040360821,0.00029941292,0.0001436203,0.000389456,0.011954933,2.1033199e-05,0.037204619,0.0010228385
20170718-101616-2.jpg,0,0,0.98909452,0.0010031112,6.2043631e-05,0.00022746041,0.00053492231,9.4598713e-05,1.0352427e-05,0.0072581031,0.0017148853
20170718-101628-2.jpg,7,7,0.21289951,0.010621089,0.0010391998,0.00043634704,0.0018826222,0.0010203381,0.0002739038,0.67745354,0.094373447
20170718-101744-2.jpg,0,0,0.5902932,0.34136128,0.00013188969,0.0025671781,0.0028577493,0.0048199185,0.0021593168,0.018723104,0.037086371
20170718-101808-2.jpg,0,5,0.41312747,0.015548152,0.0018429036,0.0016733925,0.002184531,0.49184442,0.00033069176,0.013272805,0.060175633
20170718-101848-2.jpg,0,0,0.5198794,0.092219231,0.00050527364,0.0019964444,0.00039715726,0.0012050831,0.00023829984,0.37483422,0.0087248892
20170718-102043-2.jpg,7,7,0.019848372,0.023723182,0.00027782193,0.00014068263,0.00018737403,0.0010743044,0.0003896075,0.84269458,0.11166407
20170718-102127-2.jpg,7,7,0.004042192,0.00039192545,2.291171e-05,0.00034269655,0.00069152999,5.1402006e-05,0.00010668888,0.99199682,0.0023538287
20170718-102144-2.jpg,7,7,0.29196829,0.00053979495,0.00078331181,0.011464188,0.27272795,0.00025552788,0.00039320222,0.36604798,0.055819752
20170718-102251-2.jpg,7,7,0.016138546,0.00018369572,0.00011963161,0.0012143464,0.0039033984,6.4110093e-05,3.0918483e-05,0.96839411,0.009951242
20170718-102347-2.jpg,7,7,0.011076126,0.0015588734,0.00011368077,0.00042740748,0.0020419699,0.00023635039,0.00064065844,0.98071447,0.0031904618
20170718-102545-2.jpg,7,7,0.20194689,0.0018176666,0.00012145783,0.0056261375,0.0069358609,5.8957188e-05,3.1805231e-05,0.77555687,0.0079043612
20170718-102555-2.jpg,7,7,0.010765967,0.0013072876,2.8876541e-05,0.0009266223,0.00039183102,0.00011014508,2.2223484e-05,0.98348997,0.0029570761
20170718-131812-2.jpg,7,7,0.26701086,0.016773996,0.00034038583,0.0089581999,0.0017755852,0.0011848026,3.8399319e-05,0.69334529,0.010572485
20170718-131826-2.jpg,7,7,0.002359813,0.00018897936,3.2335282e-05,0.0003766291,0.00064049618,3.4987666e-05,8.1758705e-06,0.98947236,0.0068862201
20170718-131839-2.jpg,0,8,0.098791999,0.0054800743,0.00015170129,0.0063579414,0.035792028,0.0001533387,0.00012667152,0.022980601,0.83016564
20170718-131902-2.jpg,7,3,0.01100161,0.0019288867,0.00060319177,0.80383252,0.00066292977,0.00025788788,0.0078708343,0.17237327,0.0014688724
20170718-132125-2.jpg,7,7,0.0077079596,0.00169739,0.00020714301,0.00057198577,0.00097157361,0.001458313,0.0006883609,0.98468153,0.0020157445
20170718-132237-2.jpg,7,7,0.018689034,0.0021535915,8.2043293e-05,0.0021148322,0.0024386718,2.6392121e-05,5.5749191e-05,0.96257948,0.011860204
20170718-132309-2.jpg,7,7,0.027036505,0.025232817,0.00017842311,0.026262386,0.0012719527,0.0004311728,0.0005486293,0.91364453,0.0053935888
20170718-132313-2.jpg,7,7,0.00085725718,0.0019339365,7.3304777e-05,0.00083313098,6.123753e-05,0.00028408618,0.0001199277,0.98415584,0.011681277
20170718-132334-2.jpg,7,7,0.28147145,0.0019786738,0.00033140292,0.00012565821,0.0030482173,0.00080739522,7.3707497e-05,0.70736292,0.0048005695
20170718-132405-2.jpg,7,7,0.0047776345,0.0012047242,0.00011292504,7.9180673e-05,0.00049850655,0.00019044292,0.0001090174,0.99160154,0.0014260284
20170718-132704-2.jpg,7,7,0.0022985856,0.00011561006,8.1443143e-05,0.0018263084,0.0026282733,2.0287733e-05,3.5941511e-05,0.97815334,0.01484021
20170718-132718-2.jpg,7,7,0.0065386524,0.00025365245,2.6698325e-05,0.00052444704,0.0004716021,1.7240598e-05,9.1728176e-05,0.98817073,0.003905253
20170718-132748-2.jpg,7,7,0.0030557046,0.00038343282,4.1772808e-05,0.00050045809,8.0857492e-05,2.8437683e-05,0.00030306612,0.98737292,0.0082333502
20170718-132839-2.jpg,7,7,0.21642014,0.0018552118,0.00032251994,0.0017443733,0.0022714366,0.00125613,0.0011736733,0.76423511,0.010721404
20170718-133027-2.jpg,7,7,0.024578897,0.0034907931,0.00075300408,0.0097126483,0.00047017863,9.8708144e-05,0.00015776999,0.72037999,0.24035801
20170718-133254-2.jpg,7,7,0.070225276,0.004934354,0.00011139564,0.0022854262,0.00017738181,0.0003066321,0.00059061053,0.86831299,0.053055931
20170718-133305-2.jpg,7,7,0.022394899,0.0012439087,0.00015571073,0.0013604519,4.683248e-05,0.00054329163,0.00010200016,0.95966562,0.014487285
20170718-133407-2.jpg,7,7,0.20741055,0.00025447937,0.00010665562,0.0013278504,0.0001361026,0.00026019619,0.00020242725,0.7765919,0.013709829
20170718-133419-2.jpg,7,7,0.023442141,0.0004290216,2.8003882e-05,0.00025583726,8.5855874e-05,9.4397671e-05,8.5115904e-05,0.9737958,0.0017838272
20170718-133537-2.jpg,0,8,0.020120656,0.00044603534,0.0012454915,0.00081737433,0.0010146683,0.00036730903,6.1841639e-05,0.0028655514,0.97306107
20170718-133734-2.jpg,7,7,0.038114651,0.00067841699,0.00066315905,0.0033009121,0.003400233,0.00048229439,0.0043812796,0.92071923,0.02825982
20170718-133742-2.jpg,7,7,0.26994086,0.00052177603,0.00038701988,0.0010177158,0.0011405123,0.0014875734,0.00098378823,0.71975396,0.0047667875
20170718-133830-2.jpg,7,7,0.0069533605,0.00024864043,0.0002220553,0.0015628787,0.0003203735,0.00016232649,5.4895039e-05,0.93779254,0.052682933
20170721-114822-1.jpg,0,0,0.749603,0.0046386073,0.0010666329,0.0026537059,0.0029140818,0.16998861,0.00056054618,0.064639717,0.0039350955
20170727-111533-3.jpg,4,2,0.0005565094,0.00046579834,0.88986353,0.042608827,0.038939535,0.0075934653,0.0017098867,0.0014616351,0.016800808
20170727-111920-1.jpg,4,4,7.9346848e-05,6.1737758e-05,0.021579347,0.00039434629,0.95549623,0.00037732522,0.00025209624,0.00022728466,0.021532282
20170727-111953-1.jpg,4,4,0.00020013575,9.785352e-05,0.047989487,0.0002711115,0.85840322,0.00029596111,0.00038068658,0.0004260553,0.091935489
20170727-112019-3.jpg,4,4,0.00014451792,9.9882411e-05,0.0041361648,0.00034304362,0.97101412,0.0005994681,0.00062821299,0.00063693972,0.02239765
20170727-112226-3.jpg,4,4,0.0021773225,0.00039226684,0.00057648164,0.0024528168,0.83454499,0.0014743413,0.0018799189,0.014301904,0.14219996
20170727-112933-3.jpg,4,4,2.0771315e-05,1.2811691e-05,0.00093155875,7.7455552e-05,0.99569197,4.5122839e-05,9.3431918e-05,2.3173953e-05,0.0031037064
20170727-113127-1.jpg,4,4,5.6648711e-05,1.7292732e-05,0.0023730357,9.3766629e-05,0.9832285,0.0001057791,0.00010319495,8.6354263e-05,0.013935431
20170727-113228-3.jpg,4,4,0.00018967912,8.9747828e-05,0.0035145286,5.9098253e-05,0.96966635,0.0018538182,0.00022102641,4.1030103e-05,0.024364726
20170727-113243-1.jpg,4,4,0.0047111962,0.00066927137,0.022397235,0.0010195328,0.64708363,0.062452509,0.0049263993,0.009109948,0.24763028
20170727-113251-3.jpg,4,4,7.0072749e-05,5.928974e-05,0.0031773875,7.0552984e-05,0.89254065,0.00011454406,0.00054011784,0.00037129526,0.10305609
20170727-113341-1.jpg,4,4,0.00020250177,0.00022371449,0.07797613,0.0016142325,0.88615084,0.007875604,0.00024630693,0.00054635417,0.025164316
20170727-113709-1.jpg,4,5,0.030542792,0.0016514291,0.075357879,0.0015586713,0.22467218,0.47467336,0.0014723136,0.013604532,0.17646684
20170727-113915-3.jpg,4,4,0.00016649798,0.00022682478,0.012294455,0.00091006226,0.95290694,0.0020662042,0.00039912187,8.4568683e-05,0.03094532
20170727-113933-1.jpg,4,4,0.00011158147,6.0854067e-05,0.0076961728,0.00011188269,0.92030077,0.00097356908,0.00047403403,0.00040002122,0.069871116
20170727-114747-3.jpg,4,4,0.00032333937,2.9372005e-05,0.0045949652,7.5436367e-05,0.97442637,0.010172905,0.00019287016,0.00036364016,0.0098211038
20170727-114819-3.jpg,4,4,5.4630958e-05,2.5909103e-05,0.00056625198,4.0441101e-05,0.99610314,0.00036236026,7.0993642e-05,3.9943172e-05,0.0027363257
20170727-115911-3.jpg,4,4,8.8636029e-05,3.58629e-05,0.00087120696,4.2842897e-05,0.99029047,0.0006118147,0.00017224699,6.2907868e-05,0.0078240139
20170727-120008-3.jpg,4,4,2.5582604e-05,1.2808272e-05,0.00056678249,5.4285713e-05,0.99404835,0.0001625419,0.00024183646,6.7298465e-05,0.004820514
20170727-120834-3.jpg,4,4,3.5284195e-05,2.1274937e-05,0.00042982273,9.2463691e-05,0.98104535,7.3323659e-05,0.00021023801,0.00014798643,0.017944253
20170727-121854-3.jpg,4,4,0.00054708517,9.468235e-05,0.001996837,0.00021103286,0.96918757,0.0030107771,0.00011778304,0.00022947908,0.024604752
20170727-124737-3.jpg,4,4,9.3500593e-05,4.3563432e-05,0.0077047642,0.00020437935,0.97717482,7.9303401e-05,0.00017911382,0.00032577676,0.014194782
20170727-124937-3.jpg,4,4,2.71311e-05,1.7545725e-05,0.00066793403,0.0001001049,0.99640562,1.2388516e-05,5.4040261e-05,2.8170862e-05,0.0026870661
20170727-125357-1.jpg,4,4,0.00021736556,0.00012804129,0.0043817511,0.00059734089,0.88700073,0.00065905831,0.0002248819,0.0023715309,0.1044193
20170727-125452-1.jpg,4,2,0.00011406878,0.00013685625,0.8117773,0.00049413715,0.16983316,0.00011435939,0.00046407176,0.00043768005,0.016628368
20170727-125931-1.jpg,4,2,0.0018855776,0.00074964694,0.74706265,0.0089880768,0.13561441,0.00071670446,0.0023640733,0.021614508,0.081004357
20170727-130315-1.jpg,4,4,3.7538217e-05,3.9670929e-05,0.015364986,0.00022024729,0.97871747,0.00019150036,0.00025297908,0.00011111096,0.0050644969
20170727-130445-1.jpg,4,4,3.6989751e-05,2.4279987e-05,0.0010026758,0.000246599,0.98442441,0.0002180526,0.0005644241,0.00024707792,0.013235492
20170727-134601-1.jpg,4,4,0.00023535056,0.00010856729,0.00011631516,0.00043687806,0.99097555,1.4433353e-05,8.7318223e-05,0.00013254352,0.0078930399
20170727-134721-1.jpg,4,4,0.01321062,0.00054564028,0.27458412,0.064523938,0.55624131,0.00066094002,0.00065008674,0.011165983,0.078417361
20170727-135548-1.jpg,4,4,0.00029960954,8.5207804e-05,0.00012829801,0.0017247748,0.99634965,2.9729162e-05,7.6798986e-05,3.1624209e-05,0.0012743056
20170727-140315-1.jpg,4,4,6.0893241e-05,2.748036e-05,0.00077353555,0.00017644893,0.99834452,9.9014103e-06,4.3881233e-05,3.3760064e-05,0.00052958361
20170727-140408-1.jpg,4,4,7.986319e-05,5.8128671e-05,0.00056252214,0.0014123525,0.99718819,8.7411655e-06,6.704794e-05,2.0157944e-05,0.00060299691
20170727-140437-1.jpg,4,4,9.6996472e-05,8.554908e-05,0.020630016,0.00056439384,0.9757753,1.7443405e-05,0.0001905219,0.00026622512,0.0023735549
20170727-140450-1.jpg,4,4,0.00010702832,3.771817e-05,0.0002473295,0.00013105154,0.99639106,9.5610208e-06,3.2942386e-05,2.9935155e-05,0.0030133747
20170727-140518-1.jpg,4,4,0.00027669013,4.0071776e-05,0.00071633422,0.00033386519,0.99398691,3.7939017e-05,6.76835e-05,0.00020235866,0.0043381459
20170727-142920-1.jpg,4,4,0.019393758,0.00017859859,0.0044416034,0.00021648032,0.79289105,0.064550828,0.0021625863,0.018414467,0.09775063
20170727-143021-1.jpg,4,4,0.00050094916,0.00026023965,0.15907752,0.0014947402,0.76101544,0.00050597262,0.0013288967,0.001092209,0.074724035
20170727-143034-1.jpg,4,4,2.7880459e-05,3.9536494e-05,0.0024030494,9.1833127e-05,0.98887334,0.00043339898,0.00020596925,8.1001571e-05,0.0078439893
20170727-143410-1.jpg,4,4,0.00018409128,4.1781644e-05,0.00066423528,0.00039250465,0.99523183,1.1086076e-05,5.0712332e-05,5.6545494e-05,0.0033672161
20170727-143556-3.jpg,4,4,3.1130432e-05,2.4193553e-05,0.00025699758,0.0001289482,0.99130492,3.5604228e-05,6.6314024e-05,4.8781913e-05,0.0081031097
20170727-143656-1.jpg,4,4,2.2417702e-05,1.9458261e-05,0.00022976013,0.00016215458,0.99366053,0.00010425172,0.00018115627,8.6709033e-05,0.0055335637
20170727-143957-1.jpg,4,4,0.010605599,0.000195056,0.0047655844,0.001023097,0.94866239,0.02854897,0.00016868887,0.00039672253,0.0056338884
20170727-144038-1.jpg,4,4,0.00044155217,0.00032998447,0.0084277583,0.00024063232,0.6986481,0.0050418764,0.00029420173,0.00086193135,0.28571396
20170727-144243-1.jpg,4,2,0.00016060318,0.0001854909,0.7730072,0.0017576968,0.22103872,0.00025030098,0.00032946006,0.0001108181,0.0031597078
20170727-144321-1.jpg,4,4,0.00050200032,0.00011583684,0.0006832178,0.0036024844,0.97486507,1.1488239e-05,9.3730783e-05,3.1146543e-05,0.020095026
20170727-144335-1.jpg,4,4,0.00098693487,8.5274703e-05,0.00013555018,0.0015965513,0.98720649,0.00013364823,6.8712186e-05,6.1877734e-05,0.0097249617
20170727-144542-1.jpg,4,4,0.00022761348,0.00010593888,0.00090177407,5.1326788e-05,0.97550423,0.0030908817,0.00060328834,0.0020571914,0.017457758
20170727-144650-1.jpg,4,4,0.012235677,0.00014751087,0.0064968029,0.00062480519,0.91921277,0.052893318,0.00022482766,0.0028850784,0.0052792111
20170727-144751-1.jpg,4,0,0.85986277,0.0053221122,0.00086838104,0.0025787708,0.045199192,0.006594183,0.00076104248,0.066527065,0.012286483
20170727-145342-3.jpg,4,4,0.0024907583,0.00037144589,0.00032604584,0.0029336176,0.94286405,3.3818357e-05,0.00012190405,0.00024671406,0.050611644
20170727-145620-3.jpg,4,4,0.00014097701,6.9770211e-05,0.00038737815,0.00021173242,0.97047976,0.00012169062,0.00043878749,0.00063900766,0.027510892
20170727-145939-3.jpg,4,4,0.002745837,0.00016183767,0.014190758,0.017363639,0.84184249,0.0001946472,0.00012051827,0.00056536083,0.12281491
20170727-150126-3.jpg,4,4,0.0019674283,3.4763783e-05,0.00046357322,0.0023966736,0.74941248,8.7718336e-05,0.00028339721,0.0039509502,0.24140301
20170727-151236-3.jpg,4,4,6.1735509e-05,5.1789969e-05,0.0011574879,0.00038265902,0.99596436,4.2376914e-05,9.045671e-05,2.4573932e-05,0.0022245627
20170727-151447-1.jpg,4,4,6.4052968e-05,4.3044888e-05,0.0018141793,0.00029907503,0.99113366,4.6083968e-05,0.00015093967,0.00035976669,0.0060891983
20170727-151835-1.jpg,4,4,4.1359595e-05,4.6929756e-05,0.0010105582,0.000158671,0.99222051,6.3530497e-05,0.00014553684,0.00025835677,0.0060545462
20170727-151903-1.jpg,4,4,9.0660647e-05,0.00011347227,0.0016988549,0.0007434047,0.98413011,0.00014386716,0.00034667647,0.00081698989,0.011915965
20170727-152421-3.jpg,4,4,2.5771208e-05,2.214124e-05,0.0013053909,7.8555477e-05,0.99216708,5.8200803e-05,7.1457486e-05,4.8967169e-05,0.0062224393
20170727-152712-1.jpg,8,4,0.00071507193,0.0004037528,0.16139172,0.0022467536,0.53786108,0.00090510355,0.00141533,0.0020549766,0.2930062
20170727-152802-1.jpg,4,4,8.303098e-05,8.2356692e-05,0.0022047419,0.00031552031,0.97146414,6.1809333e-05,0.00029738498,0.00018695379,0.025304067
20170727-152854-3.jpg,4,4,0.00016982129,3.0756279e-05,0.00091150195,0.00021143072,0.93516018,0.0001559589,0.00020450609,0.00062997076,0.062525871
20170727-153037-3.jpg,4,4,3.4368796e-05,4.3442534e-05,0.0025683608,0.00016535215,0.97544851,0.00058861003,0.00016357047,7.893132e-05,0.020908855
20170727-154345-1.jpg,4,4,0.00030220713,0.00016696258,0.00038734979,0.00062444498,0.96431707,7.0511918e-05,0.00043504848,0.00011662813,0.033579777
20170727-154701-1.jpg,4,4,0.00014854661,7.9623517e-05,0.13529793,0.00099661331,0.81131974,0.00051737898,0.00029847907,0.00022627661,0.051115421
20170727-154716-1.jpg,4,4,0.00010138556,0.00015031179,0.0625726,0.0015252749,0.89146343,0.00044959241,0.0002331311,0.00016483722,0.043339435
20170727-154759-1.jpg,4,4,6.8948814e-05,1.2785854e-05,0.00024117182,4.8873122e-05,0.99314637,8.475706e-05,0.00010708599,7.4363766e-05,0.0062156422
20170727-154853-1.jpg,4,4,5.1190821e-05,4.9353185e-05,0.01028461,0.00035914434,0.98030051,0.00043652363,8.6192827e-05,0.00014482343,0.0082876486
20170727-155302-1.jpg,4,4,4.65691e-05,2.6194267e-05,0.00098396993,0.00022178488,0.99090392,0.00017245758,0.00024301928,0.00020380445,0.0071982766
20170727-155407-1.jpg,4,4,7.1620441e-05,6.3006335e-05,0.0060512514,0.00014403084,0.96370082,8.1633731e-05,0.00029264525,0.00019292528,0.029402071
20170727-155439-1.jpg,4,4,0.00019051593,0.00012354426,0.045553371,0.00018351988,0.92176096,0.00032112078,0.00029925294,0.00016171979,0.031405999
20170727-155712-1.jpg,4,4,6.9007022e-05,4.4575181e-05,0.0013815869,7.8500944e-05,0.99269537,0.00016709447,0.00018909475,0.00012062869,0.0052541418
20170727-162148-1.jpg,4,4,0.0001923195,3.975002e-05,0.00016604162,0.0003938722,0.99328285,1.7195585e-05,0.00017123832,0.00010752903,0.0056292075
20170727-162309-1.jpg,4,4,0.00015417689,5.6175457e-05,0.00046995027,0.0011102996,0.98312575,9.8608003e-06,0.00017204328,0.00014851272,0.014753226
20170727-162326-1.jpg,4,4,0.00051406756,0.00014495782,0.013832835,0.0018051952,0.90625101,8.1975225e-05,0.00071237586,0.00068075376,0.075976834
20170727-162512-1.jpg,4,4,0.0001038752,5.4509151e-05,0.00019153292,0.0014206091,0.99638585,3.214629e-05,9.2950137e-05,4.906994e-05,0.0016694533
20170727-162807-1.jpg,4,4,4.3440775e-05,2.1304441e-05,0.00069503987,0.00013882696,0.9967424,1.7546944e-05,0.00013876815,4.7167864e-05,0.0021555022
20170727-162936-2.jpg,4,4,9.055724e-05,0.00010435313,0.0010707362,0.00028465919,0.96735585,4.4547903e-05,0.00030293953,0.0004426843,0.030303671
20170727-163038-1.jpg,4,4,5.2299908e-05,5.462939e-05,0.00076977979,0.00048902845,0.99320647,2.2132213e-05,0.00025062641,0.0004321871,0.0047228478
20170727-163124-1.jpg,4,4,0.00011334571,5.1068735e-05,0.0001325815,0.00017689099,0.99032323,2.404072e-05,0.00017194883,0.0001361994,0.0088706936
20170727-163217-1.jpg,4,4,4.9657936e-05,2.524909e-05,8.3734847e-05,0.00022556582,0.99869842,1.193925e-05,9.1782287e-05,6.9067156e-05,0.00074458539
20170727-163932-3.jpg,4,4,0.0013454787,0.00014831363,0.00011241231,0.011428214,0.92427797,8.2994241e-05,0.0002537221,0.00018039749,0.062170502
20170727-164100-3.jpg,4,4,0.0010088296,0.00038292468,0.00065266238,0.040952077,0.95052975,4.2861881e-05,0.00016474816,0.0001823907,0.0060837542
20170727-164126-1.jpg,4,4,0.00047173602,7.7133748e-05,0.00018934639,0.0015357413,0.98596197,1.8929138e-05,0.00013724891,4.392108e-05,0.011563978
20170727-164539-1.jpg,4,4,0.00021844155,6.8041935e-05,0.00021156205,0.00040850943,0.99546104,2.2222013e-05,0.00016315785,0.00019362973,0.0032533952
20170727-164606-3.jpg,4,4,8.4472272e-05,3.5232498e-05,0.00015177636,0.00020313314,0.98993782,3.7808572e-05,0.00024010467,0.00026238593,0.0090472701
20170727-165128-1.jpg,4,4,3.2714955e-05,4.0420283e-05,0.0017521456,0.00027653156,0.99275941,1.1267785e-05,0.00011282196,2.8461347e-05,0.0049862288
20170727-165148-1.jpg,4,4,0.00028158784,0.00017215962,0.00028002311,0.0023877568,0.97727145,4.4159421e-05,0.00053122033,0.0011425564,0.017889086
20170727-165320-1.jpg,4,4,0.00013316871,4.0089616e-05,0.001391437,0.00050430202,0.9935805,1.8071832e-05,0.0001152109,6.3692873e-05,0.0041535222
20170727-165353-1.jpg,4,4,4.5605063e-05,2.6017456e-05,0.00054648445,0.00026476329,0.99715396,9.6314279e-06,0.00016396761,7.1279054e-05,0.0017182875
20170727-165420-1.jpg,4,4,0.00018011381,0.00012244784,0.0017750162,0.00016314494,0.98062558,6.3562197e-05,0.00046964924,0.00067427399,0.01592621
20170727-165715-1.jpg,4,4,0.00019642458,9.0854918e-05,0.00023234351,0.00054620547,0.96599581,1.2511718e-05,0.00015065085,0.00012622067,0.032648978
20170727-165826-1.jpg,4,4,4.0395816e-05,4.57517e-05,0.00060189244,0.00033997122,0.99367891,1.9881513e-05,0.00022711901,0.00027363524,0.0047724396
20170727-165942-3.jpg,4,4,0.0017132825,0.00048403044,0.0049927307,0.057406644,0.92346908,0.000109447,0.00097523406,0.0036558621,0.0071936851
20170727-170035-1.jpg,4,4,7.0958787e-05,5.8632185e-05,0.0027390371,0.00016742866,0.98682309,3.0901423e-05,0.00014060899,0.00027346396,0.009695881
20170727-170217-1.jpg,4,4,7.7214745e-05,3.4165842e-05,0.00032540681,0.00030005634,0.99335147,3.2690614e-05,0.00016799054,0.00017100079,0.0055400018
20170727-170606-1.jpg,4,4,0.0018155195,9.5766926e-05,0.0062760404,0.0050824725,0.87068776,0.00010545481,0.00086405519,0.0033053672,0.11176757
20170727-170702-1.jpg,4,4,0.00011293636,3.4160832e-05,0.00042181164,0.00091827208,0.99353911,1.716568e-05,0.00022479841,0.00077124823,0.0039604948
20170727-170909-1.jpg,4,4,0.0001199017,3.8090202e-05,0.00041305705,0.00049612626,0.98008019,3.3345848e-05,0.00022695484,0.00041072623,0.018181605
20170727-170947-1.jpg,4,4,0.00015811648,0.00010907897,0.0034795097,0.000982604,0.99281433,2.7562121e-05,8.6723822e-05,0.00011019121,0.0022318791
20170727-171042-1.jpg,4,4,0.00042780253,0.00011697807,0.001018162,0.00059419437,0.87697281,6.5936142e-05,0.00071493067,0.0046709272,0.11541826
20170727-171052-3.jpg,4,4,0.00011118211,6.3956829e-05,0.00035289981,0.00030624325,0.98845205,4.8791998e-05,0.00042357442,0.00019378972,0.010047508
20170727-171203-1.jpg,4,4,0.0004612509,0.00015348449,0.0039095067,0.0024775898,0.97642333,6.7861886e-05,0.0012274291,0.0043188776,0.010960673
20170727-171322-1.jpg,4,4,0.00091186238,0.00041827938,0.013164307,0.0012074541,0.94658222,8.7010005e-05,0.0011722499,0.003353018,0.033103596
20170727-171430-1.jpg,4,4,0.018020934,0.001394569,0.0074309726,0.0035767225,0.66478537,0.00039409473,0.0017032136,0.095606323,0.20708781
20170727-171559-1.jpg,4,4,8.3426191e-05,4.0075396e-05,0.00017836664,0.00057602151,0.99690183,1.9707091e-05,0.00013777219,0.00032607342,0.001736725
20170727-171653-3.jpg,4,4,0.00012255412,0.00013524923,0.0022256493,0.0011365149,0.97187235,3.3965643e-05,0.00053139819,0.00046135825,0.02348096
20170727-171857-1.jpg,4,4,0.00032798298,9.8156648e-05,0.00026259015,0.00033973494,0.98552806,5.1305451e-05,0.00041368437,0.00090335802,0.012075125
20170727-171924-1.jpg,4,4,9.343269e-05,6.0310356e-05,0.00040816722,0.001290397,0.99096619,4.0354741e-05,0.00014313473,0.00047776499,0.0065202529
20170727-172031-1.jpg,4,4,0.00020575242,0.00013158368,0.00018396417,0.004427352,0.99251815,2.5451624e-05,0.00029211035,0.00016115565,0.0020544851
20170728-115256-1.jpg,4,4,0.00021453738,9.7777179e-05,0.024261643,0.0018518477,0.9460898,0.00026991986,0.0015091337,0.0022798342,0.023425505
20170728-120134-2.jpg,4,4,2.5519383e-05,3.092097e-05,0.00013753993,0.00020040252,0.99741646,3.5477409e-05,8.2955867e-05,5.8077471e-05,0.0020126477
20170728-120147-2.jpg,4,4,2.2072952e-05,2.1476352e-05,0.00012143185,0.00035221348,0.99788435,2.585503e-05,5.4980926e-05,3.3765505e-05,0.0014838505
20170728-120324-2.jpg,4,4,2.4847604e-05,3.4092583e-05,0.0006291457,0.00064906589,0.99785715,3.7651869e-05,9.7416871e-05,3.4040411e-05,0.00063658625
20170728-120435-2.jpg,4,4,0.00020049948,0.00012143734,0.00012741879,0.00066349773,0.93555848,6.3910324e-05,0.00016214717,0.00023108842,0.062871521
20170728-120548-2.jpg,4,4,3.4903232e-05,3.7062954e-05,0.0001041756,0.00023120448,0.99765822,2.8777354e-05,0.00019142768,9.9898686e-05,0.0016143289
20170728-120919-2.jpg,4,4,5.0298121e-05,2.6031768e-05,0.00093653961,0.00013491822,0.98348833,0.00054307581,0.00036108902,0.00012527522,0.014334437
20170728-121259-3.jpg,4,4,7.9740205e-05,1.7524933e-05,0.00010975068,0.00026901897,0.98384947,4.9764022e-05,7.2814847e-05,0.00017479687,0.015377115
20170728-121334-2.jpg,4,4,4.7683247e-05,2.9594994e-05,0.00016831939,0.00035916687,0.9985808,6.6201965e-05,0.00014367242,5.7475739e-05,0.00054708855
20170728-121353-2.jpg,4,4,7.9424286e-05,6.3648425e-05,0.00054227683,0.001616146,0.99646934,0.00016045103,0.00044568443,0.00024448392,0.00037854303
20170728-121648-2.jpg,4,4,1.9324204e-05,3.0651706e-05,0.0010535912,0.00027104412,0.99727513,1.8817642e-05,0.00014431958,4.9972704e-05,0.001137144
20170728-121857-2.jpg,4,4,4.0656005e-05,3.6129773e-05,0.00049512588,9.7719603e-05,0.9954816,5.2710267e-05,0.00012463561,3.1822719e-05,0.0036396016
20170728-121913-2.jpg,4,4,5.865671e-05,7.1226525e-05,0.00075569067,0.0012987474,0.99555257,0.00014065657,0.00021183471,7.8216869e-05,0.0018323986
20170728-121913-3.jpg,4,4,9.6968368e-05,5.6513744e-05,0.00048993901,0.00075597935,0.99578861,0.00027563868,0.00023547819,0.0002498901,0.0020509832
20170728-122027-2.jpg,4,4,5.9425211e-05,2.5822003e-05,0.00018643156,0.00017827226,0.99787969,1.1275941e-05,4.2819691e-05,1.2078177e-05,0.0016041838
20170728-122338-2.jpg,4,4,0.00034694062,0.00013558054,0.00015461476,0.00071280248,0.99615275,4.5973579e-05,5.4962525e-05,9.2637248e-05,0.0023037365
20170728-122512-2.jpg,4,4,5.7088282e-05,3.6859507e-05,5.2563542e-05,0.00017534058,0.99457059,2.4603875e-05,0.00010967632,0.00011750886,0.0048557714
20170728-122617-2.jpg,4,4,0.0002764681,0.00010148397,0.00021422819,0.0011502341,0.99399632,8.3007285e-05,0.00012371083,3.5653881e-05,0.0040188938
20170728-122757-2.jpg,4,4,5.0816361e-05,2.4540643e-05,0.00014805662,0.00059865291,0.99848542,6.3463302e-05,5.9400551e-05,1.3962234e-05,0.00055568633
20170728-123215-3.jpg,4,4,6.865813e-05,5.2009163e-05,7.0736168e-05,0.00029258928,0.98517806,1.6927979e-05,0.0001622652,0.00013374677,0.014025011
20170728-123405-3.jpg,4,4,4.7542131e-05,2.7866927e-05,0.00024642483,0.00014857464,0.99515709,5.3776107e-05,0.00019011043,0.00027110558,0.0038575139
20170728-124020-2.jpg,4,4,0.00011128341,4.572644e-05,0.00018833212,0.0010493441,0.99617805,6.8079504e-05,8.2280796e-05,3.7762308e-05,0.002239138
20170728-124431-3.jpg,4,4,2.9781422e-05,2.6176487e-05,0.00028961703,0.0014120123,0.99760112,8.9411416e-06,5.0419532e-05,2.2437822e-05,0.00055949482
20170728-124451-2.jpg,4,4,0.00010933132,5.6388942e-05,0.00013534025,0.00039639493,0.98941363,1.5900005e-05,0.00011165358,3.7460335e-05,0.0097238971
20170728-124749-2.jpg,4,4,7.4936392e-05,4.8128604e-05,0.00013543313,0.00020659876,0.99199835,0.00035877312,0.00058484758,0.00050746446,0.0060854687
20170728-124932-2.jpg,4,4,0.00014661538,7.4402767e-05,0.00018708817,0.00058071665,0.99779927,1.4347651e-05,6.6748033e-05,2.1157273e-05,0.0011096589
20170728-125031-2.jpg,4,4,3.6316667e-05,2.4938055e-05,0.00020787308,8.6518455e-05,0.99861346,2.3720075e-05,4.9935477e-05,2.0888743e-05,0.00093634591
20170728-125143-2.jpg,4,4,0.00076071541,5.7724079e-05,0.00019419946,0.0022692508,0.99540776,6.6929296e-05,0.00011571101,0.00031029281,0.00081741718
20170728-125356-2.jpg,4,4,3.9197797e-05,3.8681719e-05,0.00079523888,0.0006392717,0.99604954,9.417043e-05,0.00044949555,0.00047022624,0.0014241741
20170728-125619-3.jpg,4,4,4.2414813e-05,3.7241931e-05,9.2855971e-05,0.00013881552,0.99689789,1.7169145e-05,0.00019443451,5.096493e-05,0.0025282091
20170728-125632-2.jpg,4,4,2.3925592e-05,3.6968504e-05,0.00035743058,0.00031588245,0.99634615,8.1439865e-05,0.00018676237,8.9047866e-05,0.0025623963
20170728-125810-3.jpg,4,4,0.0010442353,0.00017713007,0.00056397569,0.0009030785,0.9351766,0.00011472791,9.3506663e-05,0.00014434151,0.0617824
20170728-145733-1.jpg,4,4,1.211488e-05,2.3150234e-05,0.00053413947,9.2265446e-05,0.98782048,7.0670347e-05,0.00013204357,7.3104204e-05,0.011242027
20170728-150105-1.jpg,4,4,0.00023020214,0.00018407884,0.00087416668,0.0038657283,0.98790552,0.00021316581,0.0018209924,0.0024996705,0.0024064726
20170728-150132-1.jpg,4,4,2.7443312e-05,2.6306268e-05,0.00020889767,0.00028017496,0.99800488,6.5359649e-05,0.00039730141,0.00012601659,0.00086361556
20170728-150148-1.jpg,4,4,3.5496146e-05,4.6419625e-05,0.0011503321,0.00077562837,0.99672646,0.00010518065,0.00032339426,0.00010710079,0.00072998343
20170728-150426-3.jpg,8,4,0.00046706687,0.00024095124,0.0030896655,0.0020802903,0.61439264,0.00016860034,0.00058879169,0.00074912058,0.37822287
20170728-151413-1.jpg,8,8,0.0015156972,0.00070481731,0.00184532,0.033936884,0.38326224,0.00029276871,0.0014831798,0.017654799,0.5593043
20170728-151512-1.jpg,4,4,3.8847644e-05,5.8255947e-05,0.0060031661,0.0010123945,0.99171567,1.9877015e-05,0.00016747151,4.6666877e-05,0.00093764823
20170728-152054-1.jpg,8,4,3.2393827e-05,4.1547974e-05,0.00060235322,6.9631805e-05,0.9903073,8.3345861e-05,0.00031458524,0.00016578532,0.0083830593
20170728-152111-3.jpg,8,8,0.0019910309,0.00064854387,0.00028596623,0.00080969856,0.21659122,0.0008716189,0.00084522838,0.0036527944,0.7743039
20170728-152608-1.jpg,8,8,0.010418373,0.00062746156,0.40574976,0.05322088,0.054986321,0.00081017181,0.0019715828,0.0022742266,0.46994122
20170728-152828-1.jpg,8,2,7.8412776e-05,0.00011781885,0.87632621,0.0071046181,0.11171539,0.00040362959,0.00016396091,7.1284168e-05,0.004018674
20170728-152836-2.jpg,4,4,0.00031534131,6.0182303e-05,0.00021941999,0.00045713981,0.84853498,3.9814598e-05,0.00042599593,0.001145957,0.14880117
20170728-152926-3.jpg,8,4,0.0001465361,7.6720857e-05,0.00024177305,0.00023162756,0.98091883,0.00039556938,0.00018421995,7.0979811e-05,0.017733745
20170728-152937-1.jpg,4,4,5.8638306e-05,7.3242426e-05,0.01852829,0.00026966088,0.91948699,0.00073445542,0.00072533509,0.00032113871,0.059802246
20170728-153202-3.jpg,8,4,0.0001092458,0.00013565004,0.0015496052,0.0002292454,0.91616358,0.00046401096,0.0011435972,0.00051109568,0.079693972
20170728-153206-1.jpg,8,8,0.00084100022,0.00044799299,0.00040030673,0.0013944733,0.039073674,0.00084743372,0.0001290044,0.00057308208,0.95629303
20170728-153227-1.jpg,4,4,2.6340544e-05,1.6560892e-05,8.8235278e-05,0.00013699466,0.99809759,1.1476631e-05,6.0092015e-05,2.7575498e-05,0.001535138
20170728-153235-3.jpg,8,4,0.00050639085,0.00053442234,0.00079461353,0.0015557189,0.6639988,0.00032042717,0.00080527026,0.0013165548,0.3301678
20170728-153353-1.jpg,4,4,3.1719915e-05,2.1194921e-05,0.00014080175,0.00019036441,0.9986393,1.3639604e-05,9.6631506e-05,2.4303409e-05,0.00084204364
20170728-153508-1.jpg,4,4,0.00014207776,9.8461513e-05,0.00054483662,0.0013328189,0.99560526,1.4517813e-05,0.00020338516,8.4272894e-05,0.0019743713
20170728-153614-1.jpg,8,8,0.0013744862,0.00019555755,8.3532822e-05,0.0020334434,0.046696143,0.00016830433,7.3370169e-05,0.0015818672,0.9477933
20170728-153615-3.jpg,8,8,0.00031571035,0.00013993504,0.00014808506,0.0065516665,0.039224638,7.623918e-05,0.00026159926,0.00075227529,0.95252985
20170728-154205-1.jpg,4,8,0.0011102058,0.00017339543,0.002928995,0.0055941561,0.35803387,1.467503e-05,0.00014606754,0.00027548187,0.63172315
20170728-155152-1.jpg,4,4,6.0682761e-05,2.822423e-05,0.00028558863,0.00011050423,0.99694214,1.7985688e-05,9.2525504e-05,3.0203862e-05,0.0024321423
20170729-085836-3.jpg,4,4,0.0068575336,0.00017739527,0.090420125,0.0097233474,0.7852957,0.00032367122,0.0013279487,0.0093755212,0.096498756
20170729-090140-1.jpg,4,4,0.00016901596,0.00011360188,0.011365176,0.00023429681,0.96960573,4.4997184e-05,0.00013400567,0.00056212373,0.01777105
20170729-090158-1.jpg,4,4,0.00054245002,0.0001117017,0.0013634446,0.016426989,0.96677886,0.00011324806,0.000579095,0.0026587451,0.011425463
20170729-090346-1.jpg,4,4,7.191221e-05,2.6398033e-05,0.00035945908,7.898876e-05,0.99828531,2.2856577e-05,5.224116e-05,3.842181e-05,0.0010644101
20170729-090435-2.jpg,4,4,5.9309472e-05,5.3092317e-05,0.0014094641,0.0001887516,0.98152486,4.4482742e-05,0.0004250958,0.00038208904,0.015912851
20170729-090707-1.jpg,4,4,0.00015811505,7.7216802e-05,0.00099317572,0.00013791454,0.91284289,0.00012438648,0.00031986203,0.00041949346,0.08492695
20170729-091105-2.jpg,4,4,6.2695249e-05,6.0650451e-05,0.00078484186,0.00031685006,0.99178824,1.8484355e-05,0.00028947249,0.00029007687,0.0063886856
20170729-091143-1.jpg,4,4,8.4542744e-05,9.0349309e-05,0.0097887046,0.0002800392,0.97201003,7.5770253e-05,7.9327588e-05,0.00013255049,0.017458683
20170729-091739-1.jpg,4,4,9.9569837e-05,6.3523238e-05,0.0001004264,0.00062136201,0.9960969,2.7775888e-05,0.00011771747,3.2502771e-05,0.0028402196
20170729-091822-2.jpg,8,4,0.00044990013,0.00021129724,0.0029791565,0.0021032281,0.87334985,8.8610224e-05,0.00056216518,0.0001341733,0.12012162
20170729-091924-2.jpg,4,4,6.288829e-05,4.4357738e-05,0.00028555824,0.00035212089,0.99621021,2.4005923e-05,0.00016095148,8.4478369e-05,0.0027754285
20170729-092115-1.jpg,4,4,2.8823646e-05,3.0975737e-05,0.00070511678,8.7208611e-05,0.99757093,6.9058591e-05,0.00017780316,9.5646819e-05,0.0012344397
20170729-092200-2.jpg,4,4,7.3708014e-05,4.6293963e-05,0.00090580022,0.00020773835,0.98301963,3.7375111e-05,0.00050758641,0.00041417849,0.014787687
20170729-092240-1.jpg,4,4,0.00011545578,4.6516786e-05,0.00043061015,0.00013241068,0.97714144,3.0958263e-05,0.00035359396,0.00014420677,0.021604809
20170729-092331-2.jpg,4,4,5.0284242e-05,4.1813247e-05,0.00016535057,0.00028621102,0.99765876,2.6981435e-05,0.00015780446,8.4931794e-05,0.0015278602
20170729-092410-1.jpg,4,4,2.9269091e-05,2.1254931e-05,0.00019597268,0.00019474434,0.99732242,1.6196572e-05,7.8732366e-05,4.3203056e-05,0.0020982091
20170729-092628-1.jpg,4,4,0.0018782025,0.00068302407,0.00063804094,0.44773353,0.53650149,0.00029022789,0.00063014231,0.0031061421,0.0085392075
20170729-092646-2.jpg,4,4,5.4676506e-05,2.5814385e-05,0.00034533219,5.7707581e-05,0.99306628,1.7364062e-05,0.00012234636,7.110612e-05,0.0062393745
20170729-092929-2.jpg,4,4,3.4764042e-05,4.060313e-05,0.0025437797,0.00028517282,0.99256005,3.9419787e-05,0.00019020984,0.00020784777,0.0040981562
20170729-093106-1.jpg,4,4,0.00091724575,0.00040691378,0.0080100381,0.001820317,0.91945229,0.00034358031,0.0013993544,0.021179219,0.046471038
20170729-093144-3.jpg,4,4,0.00010171179,3.15088e-05,0.00076497116,0.00027566805,0.98494159,2.9276663e-05,9.5044436e-05,7.7933169e-05,0.013682296
20170729-093155-1.jpg,4,4,0.00015019297,8.0481674e-05,0.00015625562,0.00020733754,0.97691167,7.8260237e-05,0.00022239975,0.00013069691,0.022062706
20170729-093227-2.jpg,4,4,0.00010784126,5.6445757e-05,0.00013907762,0.00072245475,0.98763772,1.4825387e-05,0.0002028263,0.00019552195,0.010923289
20170729-093609-2.jpg,4,4,4.2185059e-05,3.6667581e-05,0.00022704458,0.00011213428,0.9928631,2.8039772e-05,0.00023195086,6.4900524e-05,0.0063939806
20170729-153336-3.jpg,4,4,0.0021806186,0.00019781295,0.00067329659,0.0055707077,0.96765654,0.00048982966,5.5751123e-05,0.00068234361,0.022493104
20170729-153504-3.jpg,4,4,3.9365226e-05,3.4112555e-05,0.0069611191,0.00019445983,0.98866012,0.00010210149,0.00052943362,6.7388947e-05,0.0034119006
20170729-154012-3.jpg,4,4,8.1946933e-05,1.3110911e-05,6.3226843e-05,0.00012959423,0.99593372,2.6878829e-05,4.3334546e-05,5.451828e-05,0.0036536689
20170729-154032-3.jpg,4,4,0.00057830683,0.00034776714,0.00039182513,0.016627285,0.97551832,0.00018854742,8.5261536e-05,3.7669848e-05,0.0062250145
20170729-154231-3.jpg,4,4,0.016128579,0.01892961,0.045767387,0.29618517,0.53187288,0.00077654577,0.0016047764,0.071344526,0.017390527
20170729-154255-3.jpg,4,4,0.00024666352,0.00014916664,0.0033884425,0.0019004788,0.9659433,4.2695445e-05,0.00049427324,0.0011478361,0.026687143
20170729-154609-3.jpg,4,4,0.00096011114,0.000546358,0.0051250761,0.068991352,0.87163428,0.00023771325,0.0011689797,0.0038828004,0.047453334
20170729-154654-3.jpg,4,4,0.000440371,0.00024034783,0.00048794747,0.0022437792,0.99291865,4.0748796e-05,0.00020756915,0.00044647869,0.0029741111
20170803-131649-1.jpg,0,0,0.3990397,0.27478033,0.00068485226,0.00057315589,0.0049709478,0.0057418442,0.0002677968,0.1817178,0.13222357
20170803-132744-1.jpg,0,3,0.32489355,0.0051011083,0.00056813729,0.35066513,0.084245529,0.00021382376,0.0036201751,0.13986105,0.090831494
20170804-132513-1.jpg,1,1,0.0051872614,0.92387911,0.00020044113,5.8094683e-05,3.7302952e-05,0.00085791883,0.0075204961,0.00081471506,0.061444665
20170804-132738-1.jpg,0,8,0.29255847,0.01223076,0.00043921832,0.041902669,0.0001543717,0.026287068,0.0022743756,0.20221385,0.42193923
20170811-103752-2.jpg,0,0,0.99462001,0.00062782174,0.00011771831,4.1910132e-05,0.0011345419,0.00032605641,4.1930395e-05,0.0011595255,0.0019304867
20170811-103813-2.jpg,0,0,0.99025802,0.0040976951,0.00022709036,0.00019383453,0.0011933818,0.000184659,8.1164375e-05,0.0021655089,0.0015986494
20170811-103904-2.jpg,0,0,0.99495296,0.00019922966,1.9027143e-05,1.7473605e-05,9.1267627e-05,0.00020091988,5.3246083e-06,0.0044268252,8.6969739e-05
20170811-103929-2.jpg,0,0,0.9720482,0.0025782591,0.00047391528,0.00011424935,0.0046194607,0.0002024904,0.000104872,0.0040259153,0.015832643
20170811-103948-2.jpg,0,0,0.99674481,0.00010768418,7.084745e-05,2.7194264e-05,0.0011067571,0.00060892965,0.00016843068,0.0010733368,9.201473e-05
20170811-104301-2.jpg,0,0,0.84753312,0.0003556289,0.00076322752,0.00023456824,0.00055872461,0.00015523102,4.2797314e-05,0.096541594,0.053815104
20170811-104527-1.jpg,0,0,0.9707598,0.0048209206,0.00013598771,0.00038163473,0.0010749969,5.0526825e-05,7.685748e-06,0.021677085,0.0010913628
20170811-104712-2.jpg,0,0,0.92970171,0.0023043923,0.00036223204,0.000289256,0.00026016456,8.1355113e-05,0.00011841808,0.016368604,0.050513865
20170811-104804-2.jpg,0,7,0.3726116,0.0072386181,0.00017911412,0.00022807323,0.000288143,0.00020879496,9.53368e-05,0.61768898,0.0014613419
20170811-105123-2.jpg,0,8,0.070545588,0.028671113,0.00051112606,0.00047589473,0.0023830899,0.0014959804,0.0014882502,0.026553103,0.86787585
20170811-110054-2.jpg,0,0,0.97666251,0.0011357808,7.4396699e-05,4.5821051e-05,0.00075362762,0.0067219026,1.5253455e-05,0.01405157,0.00053913819
20170811-110215-2.jpg,0,0,0.9970578,0.00027424038,6.0317201e-05,2.6433986e-05,0.00023744176,0.00040560918,1.1058153e-05,0.0015573808,0.00036972296
20170811-110257-1.jpg,0,0,0.97551388,0.00045941532,9.2501403e-05,9.5249778e-05,0.0030657474,0.00077706229,2.9249096e-05,0.01929383,0.00067306518
20170811-110324-1.jpg,0,7,0.31833466,0.0029258259,0.0024062153,7.8894973e-05,0.0018907592,0.015434904,6.6664005e-05,0.657938,0.00092407431
20170811-110434-1.jpg,0,0,0.99205351,0.002751318,6.3413896e-05,6.0071178e-05,0.00019620423,0.00087706267,4.6021128e-05,0.0024626685,0.0014897276
20170811-110609-1.jpg,0,0,0.99703969,0.00035739566,7.8733426e-05,4.105609e-05,0.0015920974,0.00010670224,7.7198216e-06,0.00056829138,0.00020830957
20170811-111212-1.jpg,0,0,0.99483348,0.00066068913,7.905834e-05,0.0001731595,0.00072463831,0.00041150934,0.00013709085,0.0014954481,0.0014849234
20170811-112623-1.jpg,0,0,0.99505125,0.000336574,3.6870145e-05,1.9765724e-05,0.00015483433,0.00010040109,4.8790249e-05,0.0037639905,0.00048751957
20170811-112723-2.jpg,0,0,0.98342167,0.0023005527,7.3648422e-05,4.7823541e-05,0.0004722966,9.9264757e-05,3.3821286e-05,0.0062404909,0.007310435
20170811-112814-2.jpg,0,0,0.96352834,0.0040183488,0.00034216681,9.9376386e-05,0.00040617882,0.0016230151,3.3486014e-05,0.0055519157,0.024397174
20170811-113926-1.jpg,0,8,0.45710862,0.0064275333,0.0017024202,0.0012488125,0.038420656,0.00048116655,0.0070672086,0.0094860114,0.47805757
20170811-114001-1.jpg,0,0,0.9856103,0.0002294437,4.6864743e-05,2.7270584e-05,0.00082086726,0.00040702774,0.00068021856,0.010220863,0.0019571486
20170811-114019-1.jpg,0,8,0.35970158,0.0034498113,0.00013588167,0.00091228794,0.0017565315,0.00010380726,0.00091654297,0.029274447,0.60374911
20170811-114813-2.jpg,0,0,0.99552677,0.00015248392,7.5715733e-05,6.0799777e-05,0.0020107758,0.00024036828,9.2694519e-05,0.00078691273,0.0010534793
20170811-114958-2.jpg,0,0,0.98596692,8.6815206e-05,7.2067502e-05,7.5651293e-05,0.0014204415,0.0018934344,0.00013668153,0.0097635391,0.00058444915
20170811-115127-1.jpg,0,0,0.97086378,0.00048350297,0.00032578511,0.00014180694,0.0090428671,9.4294205e-05,0.00011284037,0.0025892409,0.016345878
20170811-122931-2.jpg,0,0,0.96383691,0.0020080988,0.00017914775,0.00019484267,0.0060765139,4.6283356e-05,6.7622884e-05,0.025462351,0.002128227
20170811-123049-2.jpg,0,7,0.18017587,0.0019814027,0.00056117038,0.007114165,0.051273947,0.0008166334,0.0006438237,0.63562542,0.12180757
20170811-123116-2.jpg,0,0,0.78355664,0.00228605,0.00028183571,0.00040242664,0.0014376851,0.0058034879,4.4099756e-05,0.20234541,0.0038423689
20170811-123145-2.jpg,0,0,0.99668542,0.0015920644,2.8633964e-05,1.3729542e-05,7.3119925e-05,0.00080809097,1.1164979e-05,0.00065994604,0.0001278329
20170811-123613-2.jpg,0,0,0.69316482,0.0031927034,0.0001501768,0.00047925983,0.00011654815,0.0021099882,0.0011860063,0.023996124,0.27560437
20170811-124710-1.jpg,0,0,0.9936781,0.0007119826,2.772186e-05,0.00023922554,0.00025622632,0.00026537153,2.400884e-05,0.0028472144,0.0019501528
20170811-124734-2.jpg,0,0,0.89470874,0.00034627305,0.00057731903,0.00040469562,0.00082966863,0.00079952208,0.00017726429,0.012863028,0.089293494
20170811-125742-1.jpg,0,0,0.99234626,0.00022554473,6.6939439e-05,7.8406449e-05,0.00086520169,0.0055891325,0.00010426108,0.00039134409,0.00033290657
20170811-125945-1.jpg,0,0,0.98948614,0.0001057628,6.9815694e-05,5.9617496e-05,0.0012458812,0.0022434143,4.0658328e-05,0.0065996123,0.00014909612
20170811-130240-2.jpg,0,0,0.98080453,0.0002915856,1.6500108e-05,0.00019185654,0.00014834113,0.00011482703,9.8132295e-06,0.017334944,0.0010876003
20170811-130332-2.jpg,0,0,0.99441025,0.00025190177,6.5731399e-05,2.7836727e-05,0.0011151165,0.00015444581,3.4525381e-06,0.0013275219,0.0026437416
20170811-130432-2.jpg,0,0,0.99103155,0.00043598108,2.5873186e-05,2.7556479e-05,5.6466971e-05,9.2238883e-05,9.2695405e-06,0.0079971458,0.00032392182
20170811-130552-1.jpg,0,0,0.98872704,0.00031951476,0.0002485755,6.9302003e-05,0.0051384097,0.00066579703,4.8044675e-05,0.0042472182,0.00053609906
20170811-130954-2.jpg,0,0,0.99854664,0.00010207966,3.0113568e-05,4.0364546e-05,8.7399117e-05,0.00031791033,1.4629446e-05,0.00056459771,0.00029626885
20170811-131008-2.jpg,0,0,0.99401189,0.00017070122,5.3384532e-05,2.4947263e-05,0.00012521754,0.00056506307,4.2836292e-05,0.0048927269,0.0001132295
20170811-131045-1.jpg,0,0,0.99160425,0.00031567423,0.00010465169,2.6939797e-05,0.003715961,0.0026013592,1.5636577e-05,0.0011176111,0.00049792029
20170811-131322-1.jpg,0,0,0.81209397,0.001655201,0.010260533,0.0014580835,0.13145325,0.0070630859,0.00011804955,0.026117083,0.0097807425
20170811-131509-2.jpg,0,0,0.98634196,0.00010613842,3.860321e-05,7.4496691e-05,0.00062519417,0.00019828956,6.4119755e-06,0.008947312,0.0036615907
20170811-132150-2.jpg,0,0,0.9944214,0.00017959543,0.00010160894,6.6107378e-05,0.0012821813,0.0015356313,1.4515589e-05,0.0021789956,0.00021996916
20170811-132546-1.jpg,0,0,0.98835377,0.00063149885,4.8079904e-05,0.00014759246,0.00030075306,0.0021810196,0.00010218168,0.0079707455,0.00026435901
20170811-132901-2.jpg,0,0,0.99353241,0.00072860763,6.7855434e-05,6.7711682e-05,0.00090829693,0.00040736177,1.7409107e-05,0.0040582206,0.00021212566
20170811-132940-1.jpg,0,7,0.40242212,0.00041153542,6.4701154e-05,0.00049087035,0.00080482292,0.00016795059,0.00029643095,0.59330605,0.0020355241
20170811-132947-2.jpg,0,0,0.98739921,0.00059875772,5.1838493e-05,5.8158959e-05,0.00024976574,0.00040275596,4.8838282e-05,0.010874994,0.00031567601
20170811-133000-1.jpg,0,7,0.33946305,0.00055149143,0.00031557547,0.00062323566,0.0007615606,0.00046256654,0.00012580801,0.64296739,0.014729329
20170811-133114-1.jpg,0,0,0.98676072,9.1589398e-05,0.00010281113,0.0001188722,0.00079817952,0.00027787086,8.9774008e-05,0.0062080829,0.0055520975
20170811-133229-1.jpg,0,0,0.98055455,0.0018561662,0.00010675878,0.0017205743,0.00059991946,9.7156781e-05,9.9821703e-05,0.0053361285,0.0096289237
20170811-133242-1.jpg,0,0,0.90765897,0.00059403997,0.0002651232,0.00091262752,0.0021623099,0.00058529075,5.7527554e-05,0.034995357,0.052768757
20170811-133254-2.jpg,0,0,0.9555045,0.011355394,5.6729717e-05,0.00046991659,0.00046596207,0.00023112682,9.7258669e-05,0.029805021,0.0020140943
20170811-133525-1.jpg,0,0,0.9903844,0.00090279938,2.3612162e-05,0.00011285639,0.00097264957,8.1702269e-05,0.00064325742,0.0049570218,0.0019217049
20170811-133548-1.jpg,0,0,0.9904975,0.00017623936,9.4384746e-05,0.00038961606,0.0010183511,0.00082943377,0.0010603416,0.0021809984,0.0037531364
20170811-133725-1.jpg,0,0,0.85075094,0.0026307218,0.00019062722,0.00033450597,0.00014870494,0.0011290248,0.00062295986,0.13891136,0.0052811564
20170811-133741-2.jpg,0,0,0.69477354,0.0052861677,0.00019284346,9.282004e-05,0.0028184835,0.00040556916,0.0051889622,0.29011691,0.0011247004
20170811-133752-1.jpg,0,0,0.92873257,0.00048479212,7.1999443e-05,0.00030811306,0.00064337511,0.00010901481,2.7733719e-05,0.014202539,0.055419861
20170811-134026-1.jpg,0,8,0.1017557,0.00017758834,0.00054033739,0.00035305939,0.00022384405,4.4102998e-05,1.4947375e-05,0.00076042356,0.89613
20170811-134228-1.jpg,0,0,0.98033788,0.00068113763,6.6717706e-05,0.00050551018,0.00029498886,5.1988385e-05,4.7957028e-05,0.0059763506,0.012037475
20170811-134343-1.jpg,0,0,0.99377254,0.00011091271,2.0934874e-05,3.2493389e-05,0.0003278046,6.0910712e-05,0.0001249688,0.005441699,0.00010773819
20170811-134520-2.jpg,0,0,0.96252073,0.0063582467,0.0016587974,0.0023209072,0.017785178,0.00025178037,0.0009221087,0.0019170551,0.0062651962
20170811-134559-2.jpg,0,8,0.10922394,0.047960672,0.00074818124,0.0012885522,0.1069153,0.00032477469,0.00087866377,0.0029781712,0.72968174
20170811-154839-2.jpg,0,0,0.98738369,0.00019222335,7.5136178e-05,0.00022779048,0.0011748081,0.0042390948,3.1853561e-05,0.0012416856,0.0054337169
20170811-162503-1.jpg,0,0,0.98767876,0.00025297718,7.4749674e-05,0.0001598818,0.0038844632,6.3288969e-05,7.6319151e-06,0.0069148573,0.00096338507
20170811-162821-1.jpg,0,0,0.98867186,0.00010995394,8.4649213e-05,0.00013129658,0.0051469922,0.00035740545,0.00017626408,0.0051166639,0.00020491502
20170811-162841-1.jpg,0,0,0.98964009,9.7769982e-05,4.9588045e-05,0.00010948208,0.001799628,0.00013611501,0.00011082414,0.0078443639,0.00021214252
20170811-162954-1.jpg,0,0,0.70439477,0.00037222705,0.011333308,0.0017237696,0.17576115,0.00051040937,0.00018480372,0.018360791,0.087358771
20170811-163711-1.jpg,0,8,0.13243141,0.080357598,0.00076859526,0.00037138942,0.00043685739,0.029127412,0.0009095905,0.13640651,0.61919064
20170906-091701-1.jpg,3,3,0.0063978347,0.00016090864,0.00014688687,0.97755819,0.0020662908,2.8834275e-05,0.00012860834,0.0017172065,0.011795239
20170906-092622-1.jpg,3,8,0.00038218443,0.00018332343,0.00012313365,0.0007853364,0.058690833,5.985391e-05,0.00017767022,0.00084424168,0.93875342
20170906-092719-4.jpg,3,3,0.021362059,0.0002338891,0.00062238456,0.96836936,0.001165169,7.1378528e-05,9.7695786e-05,0.0019652608,0.0061128072
20170906-094526-2.jpg,3,3,0.050920953,0.00010724999,0.0025169169,0.92043132,0.0021020278,6.1840039e-05,0.00025330702,0.0077489635,0.015857421
20170906-094834-1.jpg,3,3,0.013077369,0.00043052824,5.0000136e-05,0.97422203,0.0009129486,0.00011340463,1.9610522e-05,0.0087849786,0.0023891318
20170906-095611-1.jpg,3,3,0.008376111,0.00053612601,5.320033e-05,0.97386366,0.0011759534,8.0686444e-05,0.00038811079,0.0055525456,0.0099736054
20170906-095816-1.jpg,3,3,0.0011335736,0.00033780773,4.7499782e-05,0.99549213,0.00068675339,2.6464832e-05,1.7097533e-05,0.0012503617,0.0010083141
20170906-095922-1.jpg,3,3,0.0043198176,0.0026926325,0.00037306829,0.96454537,0.00097402814,5.3571111e-05,0.0027455827,0.0025202198,0.021775705
20170906-103822-1.jpg,3,3,0.0058555905,0.00025323202,7.2988748e-05,0.99085937,0.0014590436,1.0250033e-05,1.6955342e-05,0.0011659901,0.00030658349
20170906-103921-1.jpg,3,3,0.11166153,0.00090872305,0.0047088698,0.68861531,0.10734266,0.00012217635,0.00014668355,0.0081670932,0.078326957
20170906-104054-1.jpg,3,3,0.1932727,0.0060075172,0.034672483,0.30918941,0.28387166,0.00058794314,0.00016510864,0.0090989578,0.16313422
20170906-105248-1.jpg,3,4,0.014997474,0.00035556407,0.00053213638,0.23574238,0.68984931,8.2929832e-05,0.0016424587,0.0082348087,0.048562942
20170906-105952-1.jpg,3,3,0.018398256,0.00092748724,0.0016687343,0.97298296,0.0010063247,4.8863909e-05,6.6605451e-05,0.0027131361,0.0021876328
20170906-110707-1.jpg,3,8,0.017592243,0.0029217247,0.0035918258,0.13263981,0.35735656,0.00047015929,0.0026539451,0.081011011,0.40176272
20170906-111240-1.jpg,3,3,0.001536077,0.010736602,0.00015143855,0.98559018,0.00025324968,1.5498404e-05,0.00014019156,0.00032129431,0.0012554668
20170906-111745-1.jpg,3,3,0.0015486858,0.013895943,0.00047769539,0.88361061,0.001496556,6.8163871e-05,0.00050726265,0.01127561,0.087119468
20170906-112228-1.jpg,3,3,0.0040879819,0.00043167286,2.6465063e-05,0.98969898,0.0018042556,1.5323056e-05,6.1131513e-05,0.0011542958,0.0027198937
20170906-112409-1.jpg,3,3,0.20154905,0.0012324091,0.00045187277,0.7768212,0.00023327761,0.00010638817,0.00045532001,0.01315958,0.0059909087
20170906-112604-2.jpg,3,3,0.00141338,0.0012679312,0.00023163461,0.98495641,0.010084317,7.7693526e-05,4.749368e-05,6.3474392e-05,0.0018576665
20170906-112804-2.jpg,3,4,0.00066716179,0.00032350435,0.00071153384,0.0063775316,0.98518797,4.4615309e-05,9.4768498e-05,0.00013559459,0.0064573177
20170906-112857-4.jpg,3,3,0.0035418033,3.1338161e-05,0.00050364696,0.99230042,0.0017796098,2.1915092e-05,5.7417067e-05,0.00029773653,0.0014661123
20170906-113112-4.jpg,3,3,0.010579404,0.0007310118,0.00065586716,0.9210136,0.059261138,4.1125087e-05,0.00016129181,0.00036146487,0.0071951006
20170906-113426-1.jpg,3,3,0.0030341482,0.00033785307,8.5142898e-05,0.98279568,0.00020480554,6.1533999e-05,0.00011734765,0.0086835969,0.004679893
20170906-113917-2.jpg,3,3,0.0076553603,0.00020385746,0.00030468846,0.96265145,0.023748078,2.7120707e-05,4.9508981e-05,0.002643824,0.0027161168
20170906-114137-1.jpg,3,8,0.04916483,0.0025745704,0.00034855719,0.34664834,0.0003288817,0.00016433506,0.00010245709,0.020166542,0.58050149
20170906-114508-1.jpg,3,3,0.027857029,0.00023390256,0.00013326952,0.91569313,0.0010349922,5.3951445e-05,0.0023459908,0.038284579,0.014363155
20170906-130537-1.jpg,3,8,0.0035604426,0.00029664722,0.0036294644,0.10262877,0.25522484,0.00033238827,0.0033441458,0.096946202,0.53403709
20170906-130826-1.jpg,3,4,0.0047328119,0.0014402542,0.25319805,0.0079109787,0.457976,0.00066394083,0.000689585,0.0040483517,0.26934003
20170906-131829-2.jpg,3,3,0.0098162817,0.00011547056,0.00026902983,0.98666928,0.0015540252,2.0963989e-05,3.2048675e-05,0.00016512254,0.0013577808
20170906-132157-1.jpg,3,2,0.0085305774,0.00036807265,0.85326851,0.11494012,0.0071757126,0.00022301723,0.00018193036,0.0022454574,0.013066599
20170906-132328-1.jpg,3,0,0.45080666,0.00055060003,0.0014851474,0.0023758094,0.02459901,0.0082011587,0.00038798592,0.39778075,0.11381288
20170906-133106-1.jpg,3,3,0.0085822182,0.0019215024,0.0028215419,0.74620451,0.061478838,5.8065649e-05,7.9126325e-05,0.00033748677,0.17851671
20170906-133126-1.jpg,3,8,0.0057623213,0.0016010309,0.0013430791,0.053486406,0.0085376736,1.1442431e-05,3.7268096e-05,0.00053319404,0.92868758
20170906-135229-2.jpg,3,3,0.0014421815,3.2182611e-05,0.00035779047,0.99677658,0.0006113035,2.3856357e-05,5.5250232e-05,0.00014151718,0.00055933365
20170906-135411-1.jpg,3,3,0.0030546806,0.00024130469,0.0030850019,0.97867544,0.012198932,4.9867017e-05,7.1858185e-05,4.4201356e-05,0.0025787134
20170906-135543-1.jpg,3,3,0.051708937,0.00089998401,0.00041769367,0.9243961,0.019290376,4.6290456e-05,4.5916179e-05,0.00028419245,0.0029105088
20170906-140310-1.jpg,3,3,0.0082631836,0.00042081349,0.00025242084,0.97596405,0.00045860148,3.0443588e-05,9.4280764e-05,0.013941226,0.00057498048
20170906-140330-1.jpg,3,3,0.0077424568,0.00012542797,6.534213e-05,0.99110037,0.00042575622,1.7004587e-05,3.1598861e-05,0.0001451378,0.00034690512
20170913-095437-1.jpg,3,3,0.0021530863,0.0034606207,0.0032878547,0.82097256,0.074773054,0.00050252715,0.00063852245,0.00063851911,0.093573253
20170913-095615-2.jpg,3,3,0.0013282501,0.0006088249,0.0015079898,0.98625622,0.0055869814,0.0038266314,7.5159585e-05,0.00047303349,0.00033691314
20170913-095814-1.jpg,3,3,0.0047418548,0.001516696,0.00076389519,0.57873786,0.40176082,0.00049695357,0.00036277927,0.00037439972,0.011244748
20170913-100116-2.jpg,3,3,0.0011056519,0.00081114188,0.00033054235,0.98712837,0.0091446826,8.3127758e-05,0.00016149574,0.00010571664,0.0011292671
20170913-100221-1.jpg,3,3,0.00073753796,0.00043135152,0.00014555804,0.9898809,0.002092055,0.00079944671,0.00013269089,0.00040589274,0.0053745718
20170913-100247-1.jpg,3,3,0.00068873655,0.00024615401,0.00010350923,0.99748438,0.00037493107,0.00044368727,3.4806419e-05,7.0067427e-05,0.00055373037
20170913-100332-1.jpg,3,3,0.00074427148,0.00021692666,0.00011234158,0.99670351,0.0014558637,0.0001089668,1.2707036e-05,6.5412858e-05,0.00057999961
20170913-100429-3.jpg,5,5,0.0028725279,0.00034359818,0.000635628,0.00046231469,0.0023827925,0.97569175,0.001767385,0.0099936247,0.0058503836
20170913-100510-2.jpg,3,3,0.002593556,0.0015331501,0.00063560632,0.89677718,0.012508369,0.00060923296,8.3199842e-05,0.00016179405,0.085097908
20170913-100707-2.jpg,3,3,0.00063921404,0.00060934819,0.00021667391,0.99716234,0.00092159026,0.00016195036,2.8251703e-05,5.5899026e-05,0.00020472825
20170913-100746-1.jpg,3,3,0.0027304025,0.00085236425,0.0020256984,0.97142024,0.0013471353,0.020042077,0.00010169805,0.00060958199,0.00087080213
20170913-100817-1.jpg,3,3,0.00051341069,0.00014762547,0.00013236936,0.99816127,0.00046046816,0.00032933651,1.837767e-05,3.7264245e-05,0.00019987379
20170913-100850-1.jpg,3,3,0.00092577005,0.00035504653,0.0028881484,0.99073094,0.0020451337,0.002081242,1.9942932e-05,0.00014886713,0.00080490925
20170913-100856-3.jpg,5,5,0.021875454,0.0032422492,0.015321959,0.0016590127,0.00098291326,0.8765505,0.00048932114,0.0019221786,0.07795641
20170913-100913-3.jpg,5,5,0.016624632,0.0015675069,0.002225507,0.0023229186,0.054674516,0.90243513,0.0053612707,0.0076175545,0.0071709621
20170913-101104-1.jpg,3,3,0.0011515761,0.00016167979,0.00034748109,0.99475113,0.00063899449,0.0024608559,1.6419848e-05,0.0003095832,0.00016228165
20170913-101128-1.jpg,3,3,0.00025165371,0.00010493832,8.2001475e-05,0.99791847,0.0010564943,7.4294799e-05,9.2182501e-06,4.1967938e-05,0.00046096348
20170913-101235-1.jpg,3,3,0.0018184449,0.00069775492,0.0007601019,0.99058341,0.003410236,0.00066177262,0.00020156721,0.00041787414,0.0014488338
20170913-101500-2.jpg,3,3,0.01831749,0.00017965674,0.0014632944,0.93929931,0.012674015,0.02194939,9.0901045e-05,0.0020824308,0.0039435115
20170913-101521-2.jpg,3,3,0.00023825578,5.617934e-05,0.00024950771,0.99721758,0.00018739972,0.0014726196,1.1874247e-05,9.2037777e-05,0.00047454947
20170913-101606-1.jpg,3,3,0.001953069,0.0008822804,0.00049718293,0.97897263,0.0011130288,0.012773983,6.8810281e-05,0.00052694873,0.0032120703
20170913-101914-2.jpg,3,3,0.0012044657,0.00086386079,0.0024500273,0.97275909,0.012228387,0.0045167751,0.00011598365,0.0021650363,0.0036963787
20170913-102030-3.jpg,5,5,0.0012269969,0.00037753755,0.00026671287,3.4080483e-05,0.00045584026,0.99651,0.00010453576,0.00053932202,0.00048497389
20170913-102032-2.jpg,3,3,0.00055135328,0.00021405057,0.00020307816,0.99697159,0.00047404381,0.0011129353,4.873326e-05,3.4423615e-05,0.00038979022
20170913-102058-1.jpg,3,3,0.00060467314,0.00015940453,0.00010563401,0.99713877,0.00041845347,0.0010795538,1.2029785e-05,8.5877294e-05,0.00039560457
20170913-102152-1.jpg,3,3,0.0007332781,0.00016602481,0.00026124262,0.99314894,0.0034776511,0.0011816068,1.950277e-05,0.00010723651,0.00090451914
20170913-102318-2.jpg,3,3,0.00029172219,0.00018020614,8.9015875e-05,0.99845523,0.00010224547,0.00041577064,2.6214434e-05,0.00010320786,0.00033638243
20170913-102456-3.jpg,5,5,0.0012603658,9.6928926e-05,0.0003834838,0.0023327947,0.003069844,0.9921295,0.00013100971,0.00023058115,0.00036548785
20170913-102458-2.jpg,3,3,0.00017940038,8.9532616e-05,3.3355738e-05,0.99893166,0.00016561194,5.3451109e-05,6.5997736e-06,2.777774e-05,0.0005126152
20170913-102554-2.jpg,3,3,0.00081567319,9.4634328e-05,0.00019448184,0.99478037,0.001925516,0.00096415178,3.1267753e-05,1.8789907e-05,0.0011751181
20170913-102624-2.jpg,3,3,0.0015579185,0.0079612589,0.017700642,0.89891917,0.039592017,0.011870627,0.00027884605,0.0018084012,0.020311117
20170913-102631-1.jpg,3,3,0.0028674028,0.001954792,0.0033830645,0.97055127,0.0081126756,0.0035420028,5.7350718e-05,0.00019635989,0.0093350776
20170913-102702-1.jpg,3,3,0.0025338938,0.00065805525,0.00050537733,0.98888358,0.0017791848,0.0038013041,0.00021126408,8.9646903e-05,0.0015376904
20170913-102731-3.jpg,5,5,0.0517055,0.00071063099,0.001584965,0.00049212139,0.0046719513,0.90586929,0.0010531582,0.00042569431,0.033486692
20170913-102737-2.jpg,3,3,0.0002127299,0.0001223619,0.00012660007,0.99755168,0.00022241319,0.0015362483,1.8464495e-05,3.6081981e-05,0.00017341858
20170913-102751-2.jpg,3,3,0.00045344957,0.00015210623,6.2836174e-05,0.99738398,0.00030896496,0.00070877964,1.8551542e-05,7.7437136e-05,0.00083389082
20170913-102856-1.jpg,3,3,0.0024181856,0.00052798013,0.00016155066,0.97822469,0.00015185439,0.0024153822,4.7174574e-05,0.00041382636,0.015639354
20170913-102920-1.jpg,3,3,0.0039669521,0.00036341701,0.00027789741,0.98443238,0.0092004441,0.00037625444,2.6564695e-05,0.00039417611,0.00096191154
20170913-103023-1.jpg,3,3,0.0021934404,0.0017128106,0.010800619,0.96199915,0.015302841,0.0039746107,9.837933e-05,0.0017948808,0.0021232704
20170913-103119-3.jpg,5,5,0.00028851561,0.0001081136,4.9387704e-05,3.7759128e-05,9.2673486e-05,0.99909469,0.00012961913,2.8490493e-05,0.00017075247
20170913-103128-2.jpg,3,3,0.0013231551,0.00049674554,0.00056012089,0.98472255,0.0041670298,0.0066372103,5.67101e-05,0.00013837634,0.0018980981
20170913-103658-1.jpg,3,3,0.0014071669,0.00088645686,0.00114328,0.97943004,0.0073479792,0.0057651083,0.00020700378,0.00014848746,0.0036644817
20170913-103944-2.jpg,3,3,0.0006213462,0.00015260234,3.2306151e-05,0.99822758,0.00025699084,4.7324956e-05,1.0492698e-05,0.00011253785,0.0005388154
20170913-104133-1.jpg,3,3,0.0073465405,0.0059094725,0.0037480809,0.96194002,0.015918685,0.0026724742,0.00017632655,0.00036536116,0.0019230398
20170913-104702-2.jpg,3,3,0.00026266616,9.3728867e-05,9.0695114e-05,0.99846164,0.00074039271,0.00017451471,1.3127978e-05,4.0016419e-05,0.00012321847
20170913-104812-3.jpg,5,5,0.00035177579,0.00011474299,0.00014960123,0.00015081033,0.00033423851,0.99833218,9.0946616e-05,0.00037308022,0.00010262736
20170913-104848-2.jpg,3,3,0.0042574772,0.0017446974,0.0010622321,0.9809873,0.0075919763,0.00088237603,0.00021067216,0.00025416493,0.0030090993
20170913-105009-3.jpg,5,5,0.012113285,0.0066134083,0.00016815797,7.089856e-05,0.00041170866,0.97755159,6.8728744e-05,0.0023427758,0.0006594489
20170913-105137-1.jpg,3,3,0.0015617937,0.0043935874,0.0010148858,0.98568346,0.0018859491,0.00033075451,0.00015098538,0.00012504915,0.004853535
20170913-105154-2.jpg,3,3,0.00050666765,0.00011811953,0.0018429765,0.99087768,0.0023929255,0.0005916488,2.3044156e-05,2.2611945e-05,0.0036243234
20170913-105239-1.jpg,3,3,0.001465455,0.0021306474,0.0015427251,0.98350702,0.0030940118,0.0036353144,4.7175039e-05,0.00013489291,0.0044427577
20170913-105317-2.jpg,3,3,0.00072979257,8.5603845e-05,0.00037105118,0.99625906,0.0011986177,0.00047663173,1.2038211e-05,2.3796765e-05,0.00084340369
20170913-105416-3.jpg,5,5,0.0045465454,8.2951387e-05,0.00015532043,4.7774406e-05,0.001863431,0.99167387,0.00022766707,0.0010795973,0.00032284128
20170913-105524-2.jpg,3,3,0.00045158373,0.00030274758,0.00016286239,0.99390662,0.00017669137,3.7531948e-05,1.1901876e-05,1.0602252e-05,0.0049394596
20170913-105608-2.jpg,3,3,0.00046397819,0.0002058371,0.00010322674,0.9968578,0.00026045764,0.00047177398,1.2362285e-05,2.5653474e-05,0.001598907
20170913-105822-2.jpg,3,3,0.0026262487,0.0011247966,0.00085840867,0.67809807,0.007017371,0.0040855181,0.00077631753,0.00057442892,0.30483885
20170913-105918-1.jpg,3,3,0.00066126659,0.00051430093,0.0003052831,0.99580471,0.0013556075,0.00083393372,3.5912541e-05,7.3638936e-05,0.00041535143
20170913-110116-2.jpg,3,3,0.0002885046,0.00030771423,6.6885938e-05,0.99793655,0.00017519331,0.00025043974,3.1971116e-05,6.1486416e-05,0.00088125553
20170913-110258-1.jpg,3,4,0.0015313887,0.0041440357,0.0021541154,0.0024415797,0.66302415,0.00070810412,0.00069125798,0.002731128,0.32257424
20170913-110339-1.jpg,3,3,0.0006342207,0.00027038864,0.00022622109,0.97171548,0.0065437698,0.00046923564,0.00013523358,3.3274781e-05,0.01997218
20170913-110433-3.jpg,5,5,0.0016658132,5.9244791e-05,0.0017536673,0.0026188445,0.00035254554,0.99299144,7.9444163e-05,0.00021503231,0.00026397307
20170913-115951-2.jpg,5,5,0.00028686799,0.00021115853,8.7403322e-05,6.8982995e-05,0.00011128313,0.99883327,9.9818567e-05,0.00015443873,0.00014677848
20170913-121144-2.jpg,5,5,0.00088448926,8.2590297e-05,0.00055193416,0.00012394081,0.0092247547,0.98750485,0.00038135509,0.00046498296,0.00078109875
20170913-121340-1.jpg,5,8,0.0044637809,0.0078649422,0.2050231,0.02647597,0.067765273,0.04326133,0.001754536,0.013208578,0.63018249
20170913-121430-1.jpg,5,5,0.0017824001,0.00043944815,0.00062412693,3.7315228e-05,0.00056329648,0.99611805,2.776934e-05,0.00029713376,0.00011046057
20170913-121432-3.jpg,3,3,0.0015269013,0.00031021082,0.0002865529,0.99387962,0.00089476295,0.0026422112,2.0418132e-05,9.9932166e-05,0.00033938998
20170913-121721-3.jpg,3,3,0.018728969,0.00073499772,0.0018558278,0.82171766,0.018718724,0.000243986,9.2577462e-05,0.00027555826,0.1376317
20170913-122058-3.jpg,3,8,0.0050781611,0.00015879442,0.00053259414,0.082212622,0.41662904,0.00049192794,0.00021222966,0.0033869716,0.49129766
20170913-122111-1.jpg,5,5,0.039638503,0.0008908127,0.0044105059,0.0090001417,0.0084680571,0.90800589,0.00063887984,0.0038274026,0.025119806
20170913-122136-3.jpg,3,3,0.0037468683,0.00033089861,0.00016964911,0.97931331,0.00066663092,0.00058933307,3.2682919e-05,9.2666541e-05,0.01505796
20170913-122153-3.jpg,3,3,0.0019455165,0.0083531617,0.002340807,0.60656481,0.0053077092,9.0735771e-05,8.4188926e-05,8.862894e-05,0.37522444
20170913-122238-2.jpg,5,5,0.026733982,0.00087903371,0.00014541027,0.0002684268,0.00040313456,0.9694541,0.00024339493,0.001611376,0.00026114317
20170913-122527-2.jpg,5,5,8.8492139e-05,6.1277592e-05,0.00072820705,6.4869278e-05,0.001038648,0.99764737,0.00013672195,5.0640767e-05,0.00018376883
20170913-122734-3.jpg,3,3,0.018900162,0.0015896249,0.00074712914,0.96584522,0.00012960522,0.000352894,3.22527e-05,0.00013249759,0.012270617
20170913-122745-2.jpg,5,5,0.0004990753,6.7467163e-05,0.00011059659,0.000188959,0.00031444649,0.99748758,0.00014199208,7.9965058e-05,0.0011099144
20170913-122821-3.jpg,3,3,0.049393768,0.039430894,0.00025340973,0.49715356,0.0013450407,0.00023202032,4.5114183e-05,0.021575566,0.39057063
20170913-122841-1.jpg,5,5,0.0010241161,2.4780418e-05,0.0001714918,8.4832948e-05,0.00057291143,0.99692343,0.000147409,0.00049272098,0.00055830494
20170913-122944-3.jpg,3,3,0.002016232,0.00010826095,0.00045914103,0.98868973,0.00024263647,0.0005480693,2.3943861e-05,7.6274779e-05,0.0078357163
20170913-123125-1.jpg,5,5,0.0016138947,0.00028632538,0.00051197096,0.11268504,0.003373605,0.86705008,0.0003976755,0.0011189181,0.012962494
20170913-123800-1.jpg,5,8,0.0042077597,0.00094506824,0.043371562,0.035800795,0.12536384,0.17196041,0.012409697,0.0020600637,0.6038808
20170913-124146-2.jpg,5,5,0.0024567318,0.0001208751,0.00038029434,0.00035976487,0.00073141618,0.99448261,0.00012355218,0.0008209984,0.0005237556
20170913-124352-3.jpg,5,5,0.0012816269,0.0001080854,0.00064535214,0.00079610987,0.0037578962,0.99279816,0.00010228556,0.00024269176,0.00026778772
20170913-124719-3.jpg,5,5,0.00038788797,3.2514562e-05,6.7646136e-05,2.3312154e-05,0.00010303626,0.99899094,4.5374432e-05,6.2637866e-05,0.00028665548
20170920-094037-2.jpg,2,2,0.00023184672,0.00053659005,0.98498633,0.0015883053,0.0090888952,3.1460946e-05,4.3585842e-05,0.00016058939,0.0033324014
20170920-094121-1.jpg,4,4,0.00071206627,9.6519846e-05,0.00049485573,0.00012895055,0.99254867,1.2080001e-05,8.4357426e-05,0.00010927022,0.0058132314
20170920-094203-1.jpg,4,4,0.0026013534,0.00010286946,0.0014458951,0.00026788539,0.97816271,7.0430505e-05,0.00032459054,0.00026326189,0.016761008
20170920-094446-1.jpg,2,2,0.00066192317,0.00020245069,0.99247542,0.00067094949,0.0039169242,8.2433588e-05,0.00011089476,0.0001874241,0.0016915765
20170920-094537-2.jpg,2,2,0.00097445684,0.0034541596,0.94084141,0.0033446136,0.027519133,6.8148282e-05,6.0361354e-05,0.00098016589,0.022757552
20170920-094607-2.jpg,2,2,0.00020710337,0.00031803783,0.98216959,0.00059706573,0.0092535991,6.4482274e-05,0.00017828499,0.00043536233,0.0067764746
20170920-094813-3.jpg,2,2,8.6118257e-05,0.0001040481,0.99576599,0.00030144467,0.0021546475,7.3745244e-05,6.1586742e-05,7.7853921e-05,0.0013745657
20170920-095040-3.jpg,2,2,0.00031534079,0.00015436505,0.97170652,0.00083172041,0.012525204,7.2580848e-05,0.00011540089,0.00038916806,0.013889702
20170920-095211-3.jpg,2,2,6.603288e-05,0.00028980043,0.99632893,0.00027575058,0.0017819356,3.2330662e-05,2.6998741e-05,0.00019641349,0.0010018084
20170920-095354-1.jpg,2,2,0.00014765357,0.00010846986,0.99461441,0.00018486836,0.0037455218,7.0192018e-05,3.5910334e-05,6.1844769e-05,0.0010311319
20170920-095400-3.jpg,2,2,0.00015968738,0.00025061857,0.99626964,0.00048353438,0.0015355106,7.4796517e-05,0.00010281726,7.6902022e-05,0.0010464955
20170920-095425-1.jpg,2,2,0.00055707113,0.00029837585,0.93799407,0.00070550205,0.045650436,0.00011337627,0.00025221277,0.00047713056,0.013951828
20170920-095716-2.jpg,4,4,0.0013197559,7.3825624e-05,0.00014360759,0.0010022742,0.9255595,3.6076953e-05,0.00025880054,0.0010606806,0.070545477
20170920-095857-1.jpg,2,2,0.00013935757,9.00113e-05,0.99634822,0.00030491098,0.0021979061,6.2537504e-05,2.6853761e-05,7.0358844e-05,0.00075984708
20170920-095943-2.jpg,2,2,0.00010241393,0.00017305998,0.99170972,0.00054836204,0.0049331981,2.7581757e-05,5.9808142e-05,9.6599169e-05,0.0023492607
20170920-100021-1.jpg,2,2,0.00024492405,0.0014500387,0.99066573,0.0014163718,0.0029014465,7.8830264e-05,4.3795065e-05,0.00021609564,0.0029827711
20170920-100234-1.jpg,2,2,5.2066675e-05,9.8323798e-05,0.99831608,0.00019761648,0.00067924264,3.7396127e-05,6.115972e-05,7.2516457e-05,0.00048559376
20170920-100316-2.jpg,5,8,0.10389625,0.11312941,0.027058386,0.0018232897,0.014228882,0.0095672688,0.020385602,0.085156471,0.62475444
20170920-100933-2.jpg,2,2,0.00012035349,0.00036440775,0.99712416,0.00061585255,0.00087282689,0.00010885743,6.4867359e-05,8.4424292e-05,0.00064425272
20170920-101745-1.jpg,2,2,0.0001450903,0.00019223541,0.99729758,0.00038146883,0.00078537832,0.00010444222,8.2681142e-05,0.00013105551,0.00088007163
20170920-101929-1.jpg,2,2,0.00062805968,0.0004640334,0.74400202,0.00069312985,0.083860377,0.00028405651,7.7149077e-05,0.0014908249,0.16850035
20170920-102030-1.jpg,2,2,0.00017331349,0.00055483408,0.99338959,0.0022618399,0.0012849224,9.2809216e-05,3.5707798e-05,7.5277627e-05,0.0021317069
20170920-110749-2.jpg,4,3,0.20017402,0.013748264,0.0025103691,0.62664248,0.073724213,0.00020083053,0.0002903793,0.012553861,0.070155579
20170920-110919-2.jpg,2,2,0.00010674254,6.7611205e-05,0.99844261,9.1496112e-05,0.00046244943,4.9365962e-05,2.8815367e-05,7.1617439e-05,0.00067928857
20170920-110952-2.jpg,2,2,0.00060313022,0.00056686946,0.95269009,0.0035883905,0.027463039,0.00017548385,0.00018772273,0.00020726218,0.01451801
20170920-111011-3.jpg,2,2,3.9372729e-05,0.0001115498,0.96007163,8.2732873e-05,0.033259702,0.00027603245,9.764274e-05,0.00017746942,0.0058838716
20170920-111042-3.jpg,4,4,0.034539645,0.00034942757,0.016150132,0.38328342,0.48102258,0.00063208731,0.00096490108,0.020955426,0.062102389
20170920-111129-2.jpg,2,2,0.00091506688,0.00052954995,0.91726344,0.012089951,0.058898845,9.0681785e-05,0.00020125473,0.0003898053,0.0096214027
20170920-111146-2.jpg,2,2,0.00012543848,6.6966667e-05,0.99893438,0.00022994643,0.00029137748,8.8684351e-05,2.2432449e-05,3.8934823e-05,0.00020184254
20170920-111615-2.jpg,2,2,1.7212252e-05,5.9570865e-05,0.99884221,9.3806402e-05,0.00054423922,5.4133147e-05,1.0100077e-05,3.3113286e-05,0.00034561266
20170920-112118-3.jpg,4,3,0.0040040966,0.0014257553,0.0060931837,0.94744742,0.031983244,0.00013072331,0.00016732072,0.00029549177,0.0084527651
20170920-112120-2.jpg,2,2,4.0147204e-05,9.7052452e-05,0.99729216,8.5264135e-05,0.0020542882,7.701946e-05,1.2773368e-05,4.9153816e-05,0.00029214151
20170920-112429-3.jpg,2,2,0.00023762105,6.3369065e-05,0.99742209,0.00011245566,0.00042669223,3.9747158e-05,2.5036803e-05,0.00013159163,0.0015413952
20170920-112545-3.jpg,2,2,7.3933028e-05,4.9070041e-05,0.99883195,0.00015186022,0.00050095479,4.6676131e-05,7.8698815e-06,8.0948671e-05,0.0002567398
20170920-112716-3.jpg,2,2,6.103615e-05,9.9022666e-05,0.99847485,0.0002249194,0.00043384289,1.3485467e-05,1.5303809e-05,7.7589279e-05,0.00059994906
20170920-113335-3.jpg,2,2,3.2463187e-05,9.4225485e-05,0.9987258,0.00014249392,0.00062528561,3.7416616e-05,1.3476803e-05,1.9333312e-05,0.00030950099
20170920-113405-3.jpg,2,2,7.9038435e-05,0.0003302255,0.99686036,0.00071470279,0.00037617471,0.00013637996,6.3864373e-05,0.00022169219,0.0012175665
20170920-113437-3.jpg,2,2,0.00054961853,0.0015656666,0.92467292,0.0013987673,0.0063689796,0.0007846868,9.693585e-05,0.00022109682,0.064341331
20170920-113530-3.jpg,2,2,7.0569367e-05,9.6612861e-05,0.99885308,0.00017805984,0.00029987298,9.0722548e-05,3.290772e-05,8.9735164e-05,0.0002884443
20170920-113543-3.jpg,2,2,2.2195148e-05,8.6462431e-05,0.99923803,0.00011039964,0.00036089874,3.5563809e-05,1.3023951e-05,1.5529826e-05,0.00011789678
20170920-113634-3.jpg,2,2,0.00014521095,3.762181e-05,0.99649329,8.3411159e-05,0.0023176392,7.2760771e-05,9.0215814e-05,0.00010389721,0.00065595638
20170920-113646-3.jpg,2,2,0.00011009277,0.00011999306,0.99656189,0.00093236833,0.0011381973,7.7658593e-05,0.00014040513,0.00013240894,0.00078698238
20170920-113728-2.jpg,2,2,9.1314549e-05,0.00023923661,0.99861365,0.00021812485,0.0003711049,6.5024634e-05,2.684027e-05,3.9171755e-05,0.00033552962
20170920-114055-3.jpg,2,2,3.536868e-05,3.0678175e-05,0.99812561,4.5676698e-05,0.0013831072,4.3931259e-05,3.1095799e-05,3.4128593e-05,0.00027040699
20170920-114110-2.jpg,2,2,0.00035598681,0.00039120805,0.98747408,0.0011025182,0.0085456482,6.048811e-05,6.0853476e-05,0.00027714608,0.0017320663
20170920-114220-3.jpg,2,2,0.00013445492,9.3274701e-05,0.99901902,0.00014978036,0.00034164009,3.1061532e-05,1.9081266e-05,5.5507762e-05,0.00015618188
20170920-114244-3.jpg,2,2,2.9655137e-05,4.2244182e-05,0.99826009,5.8286001e-05,0.0012775902,5.3198437e-05,2.6689778e-05,4.67358e-05,0.00020550743
20170920-114250-2.jpg,2,2,3.9217784e-05,7.4555227e-05,0.99645238,0.00015546811,0.0030694791,4.0031108e-05,2.453262e-05,4.3171828e-05,0.00010116606
20170920-114342-3.jpg,2,2,0.00022435598,8.7122568e-05,0.99858479,0.00022386231,0.00063862573,2.3620575e-05,1.9777914e-05,7.544057e-05,0.00012240754
20170920-114832-2.jpg,2,2,2.1317644e-05,4.4265486e-05,0.99889393,5.0837312e-05,0.00070182197,2.3151211e-05,2.7375598e-05,3.6901485e-05,0.0002004014
20170920-115200-3.jpg,2,2,0.0008275014,0.0002590589,0.93883906,0.00062479004,0.011455398,0.00095599106,0.00046813072,0.0021160609,0.044454013
20170920-115307-2.jpg,2,2,0.0010252907,0.00067015096,0.9800344,0.0011019524,0.009135649,6.2982209e-05,2.5979924e-05,0.00031218451,0.0076314058
20170920-115351-2.jpg,2,2,0.001625862,0.00023652177,0.98051902,0.0066722831,0.0087363902,3.4561399e-05,6.3592002e-05,0.0004485642,0.0016632028
20170920-115420-2.jpg,2,2,1.8221389e-05,7.63331e-05,0.99891765,6.4254764e-05,0.00051433197,3.3702972e-05,1.4794892e-05,3.6626101e-05,0.00032408374
20170920-115453-3.jpg,2,2,3.8846192e-05,0.0001065885,0.99016659,0.00036791052,0.0076640192,0.00011967616,4.6150227e-05,2.6804913e-05,0.0014634136
20170920-115538-2.jpg,2,2,0.00049155515,0.00095355724,0.97014589,0.00084494927,0.0012143949,0.00017604594,0.00018914721,0.0021072442,0.023877214
20170920-115716-2.jpg,2,2,0.00055336147,0.00011740555,0.98340735,0.00042855056,0.0051329182,0.00017754582,0.00024379332,0.0010359869,0.0089030902
20170920-120001-2.jpg,2,2,0.00038336171,0.00014629235,0.97938097,0.0005034188,0.0013811611,0.0003235554,0.00031796871,0.0018763978,0.015686873
20170920-130354-2.jpg,2,2,0.009783618,0.00021277049,0.98185005,0.001165895,0.00081635491,0.0002011761,1.4173578e-05,0.0013300052,0.0046259575
20170920-130803-2.jpg,2,2,3.0714825e-05,8.5265788e-05,0.99661145,0.00016084879,0.0024300282,0.00010536708,6.8572748e-05,4.8435427e-05,0.00045931833
20170920-130911-2.jpg,2,2,0.00024438714,0.00032530909,0.99738215,0.00061975179,0.00074425966,0.00017938006,1.9087769e-05,6.2283821e-05,0.00042338689
20170920-131001-2.jpg,2,2,0.0001114603,0.00010231385,0.99783306,0.00039303663,0.00087298936,0.00031585806,1.4081238e-05,0.00010638842,0.00025081071
20170920-131101-2.jpg,2,2,0.00041378932,6.3368585e-05,0.98689463,0.00043255497,0.0074093476,0.00065777493,0.00015730793,0.00035808995,0.0036131342
20170920-131212-2.jpg,2,2,0.00022939066,0.00034965442,0.60059968,0.0011792721,0.29479715,0.00076040976,0.00022297722,0.00028945849,0.10157201
20170920-132106-2.jpg,2,2,0.00024430378,0.00018340727,0.9951246,0.0022749143,0.0013934043,0.00012834938,2.3203563e-05,8.4452859e-05,0.00054336764
20170920-132152-2.jpg,2,2,0.0003860725,3.1903461e-05,0.99142907,0.00060218968,0.0031266998,0.00036925399,4.8732378e-05,0.00031964909,0.0036864314
20170920-132623-2.jpg,2,2,9.9433669e-05,5.4781879e-05,0.99769031,0.00023178406,0.0011911178,6.4147438e-05,4.9276805e-05,9.6640739e-05,0.00052251133
20170920-132825-2.jpg,2,2,0.00029818118,0.00032187197,0.99768093,0.00023878576,0.00063842551,0.00016774661,1.5996576e-05,9.0881693e-05,0.00054717728
20170920-133159-2.jpg,2,2,5.2732077e-05,0.00011793524,0.99759205,0.00023016004,0.0010382602,7.93272e-05,1.1840715e-05,2.5323267e-05,0.00085236833
20170920-133309-2.jpg,2,2,0.00037135791,0.00021272688,0.95821565,0.00031718441,0.032704185,8.3842758e-05,6.0836405e-05,0.0002018964,0.0078323166
20170920-133648-2.jpg,2,2,0.00011488137,0.00025871337,0.94092358,0.00064158938,0.055279986,6.0443526e-05,5.5125145e-05,0.00012262521,0.0025430602
20170920-133722-2.jpg,2,2,0.00012657943,9.2392414e-05,0.9970372,0.00095899918,0.001524777,7.3923837e-05,1.7725328e-05,4.2709604e-05,0.00012569036
20170920-133910-2.jpg,2,2,0.00053094014,0.00028976504,0.97517631,0.012431163,0.010185134,0.00018759473,1.1505522e-05,5.0400615e-05,0.0011371823
20170920-134648-2.jpg,2,2,0.00093189468,0.00019095796,0.72389294,0.0005885283,0.24641364,0.00026998773,0.00048749034,0.0032991966,0.023925361
20170920-135038-2.jpg,2,2,0.001065649,0.00030622848,0.97424404,0.0028028713,0.0096820955,0.00024366829,0.00044432781,0.0019397786,0.009271345
20170920-140039-2.jpg,2,2,5.3483291e-05,0.0002947338,0.99754574,0.00021175157,0.00062943189,0.00010047333,4.2272078e-05,4.0233003e-05,0.0010818764
20170920-140120-2.jpg,2,2,7.6059721e-05,0.00013704958,0.99843858,0.00031894304,0.00029943265,3.1760033e-05,2.759565e-05,0.0001182808,0.00055229404
20170920-160103-3.jpg,2,2,0.00020791186,7.7628235e-05,0.9953757,0.00042370765,0.0031433404,9.8560668e-05,8.2101451e-05,0.00010253739,0.00048851692
20170920-160143-3.jpg,2,2,2.2297835e-05,0.00011182983,0.9983989,0.00014792356,0.00078162054,7.8559511e-05,1.8931878e-05,3.4405358e-05,0.0004055295
20170920-160514-3.jpg,2,2,0.00010758475,8.543368e-05,0.993625,0.00045112996,0.0043604983,0.00016744659,0.00012727718,0.00019680712,0.00087882235
20170920-160536-3.jpg,2,2,0.00013946206,0.0002973356,0.99576321,0.00053610652,0.0023865551,3.0079289e-05,4.4215757e-05,9.4963499e-05,0.0007080708
20170920-160548-3.jpg,2,2,3.423797e-05,5.9233192e-05,0.99832381,0.00012667882,0.0011233428,3.8237738e-05,4.8628925e-05,3.5276495e-05,0.00021055464
20170920-160634-3.jpg,2,2,0.00013982597,0.00039306409,0.99382595,0.0003101836,0.0025353662,3.3244238e-05,3.3839064e-05,0.00013220798,0.0025963179
20170920-162006-3.jpg,2,2,0.00039623074,0.00011872771,0.99013589,0.0019861282,0.0041549936,0.00013053087,0.00039317044,0.0012343426,0.0014499846
20170920-162211-3.jpg,2,2,2.857841e-05,8.8857481e-05,0.99847065,0.00012745333,0.00092971007,6.3519846e-05,5.7971633e-05,2.3957324e-05,0.00020930189
20170920-162458-3.jpg,2,2,3.8335644e-05,7.9165739e-05,0.99772806,0.00045589315,0.0011993917,8.4839047e-05,4.2918643e-05,3.0271815e-05,0.00034112481
20170920-162530-3.jpg,2,2,6.4765041e-05,8.7805469e-05,0.98999282,0.00019453828,0.007871045,5.217668e-05,2.085517e-05,5.0967602e-05,0.0016650276
20170920-162737-3.jpg,2,2,2.2568822e-05,0.00017233549,0.99908598,0.00026415136,0.00024619978,3.4003922e-05,2.6263915e-05,2.0466708e-05,0.00012802815
20170920-162748-3.jpg,2,2,6.917781e-05,0.0008346012,0.9847644,0.0010300994,0.0068149911,0.0002351818,6.5267917e-05,0.00010848992,0.0060777892
20170920-162858-3.jpg,2,2,0.00058930313,0.00018963733,0.96107384,0.00086536222,0.027398976,0.00011107876,0.00028852603,0.00069954847,0.0087837243
20170920-163134-3.jpg,2,2,0.00067464045,0.00013617456,0.98423741,0.0014656974,0.0081877878,0.00012038758,0.00022867709,0.00072905986,0.0042201628
20170920-163318-3.jpg,2,2,0.00011539504,0.00012878113,0.99875358,0.0002396882,0.00028668303,0.000115417,8.8146274e-06,7.9907951e-05,0.00027172824
20170920-163354-3.jpg,2,2,9.7245548e-05,0.00017205817,0.99833327,0.00033418874,0.00020462489,3.5090355e-05,5.8773147e-05,0.00010247997,0.00066226987
20170920-163419-3.jpg,2,2,0.00037346203,0.00014474535,0.98554581,0.0057752317,0.0030421435,0.00038486673,8.9230404e-05,0.0002620316,0.0043824765
20170920-163436-3.jpg,2,2,0.0078381678,0.00027919601,0.86957077,0.013652397,0.011036702,0.0013927969,0.00029660687,0.0034725287,0.092460835
20170920-163812-3.jpg,2,2,0.0019396728,0.0007516537,0.98353772,0.0043821991,0.004971701,5.1681336e-05,1.9083532e-05,0.00037607625,0.0039702114
20170920-163845-3.jpg,2,2,0.00011150797,8.1354971e-05,0.99868041,0.00014675734,0.00026731234,0.00010664979,3.3757546e-05,7.2167274e-05,0.00050007989
20170920-163907-3.jpg,2,2,4.9746881e-05,0.00021260846,0.99892659,0.0002723354,0.00011979256,5.5939995e-05,1.7934247e-05,4.036027e-05,0.00030468942
20170920-163917-3.jpg,2,2,0.00015816708,7.8247769e-05,0.99817803,0.00013453541,0.0010599665,4.5023572e-05,2.154004e-05,0.00010283492,0.00022165633
20170920-163942-3.jpg,2,2,9.1641086e-05,6.7137541e-05,0.99940506,0.00011815296,0.0001381211,3.3804914e-05,1.2309981e-05,3.5194512e-05,9.8579742e-05
20170920-164043-3.jpg,2,2,0.00015557226,0.00014673637,0.99732256,0.00037103044,0.00085400737,3.9146779e-05,9.454186e-05,0.00045384019,0.00056256245
20170920-164158-3.jpg,2,2,0.00012948212,0.00027785353,0.99143482,0.00024949556,0.0064474462,0.00014770524,6.90616e-05,5.2805634e-05,0.0011913273
20170920-164246-3.jpg,2,2,0.00039997514,0.00010266999,0.99174331,0.00099270275,0.0052953911,2.4288709e-05,9.7156968e-05,0.00026344107,0.0010810616
20170920-164316-3.jpg,2,2,3.8822146e-05,7.1843722e-05,0.99870679,0.00010204286,0.00064892991,4.2575866e-05,3.4617115e-05,4.1280951e-05,0.00031309363
20170920-164757-3.jpg,2,2,0.00010261523,0.00010687204,0.99709498,0.00037683256,0.0012009019,0.0002949623,3.7869763e-05,0.00014491868,0.00064004292
20170920-164910-3.jpg,2,2,0.00076699078,0.00034813788,0.92194401,0.0020444705,0.060333999,0.00041430098,0.00024108741,0.0068570215,0.007049982
20170920-164924-3.jpg,2,2,0.0029042225,0.00017885281,0.95398938,0.0072658718,0.013257855,0.0032519455,0.00029443915,0.0045913318,0.014266102
20170920-171010-3.jpg,2,2,6.7939195e-05,8.3481454e-05,0.99289726,8.6293799e-05,0.0054600566,9.3768869e-05,8.7537812e-06,4.6378292e-05,0.0012560635
20170920-171122-3.jpg,2,2,5.2077806e-05,0.00011193586,0.99720745,0.00051672556,0.0016480482,4.0136222e-05,1.3172114e-05,3.2550635e-05,0.00037790015
20170920-171358-1.jpg,4,4,0.0003110141,0.00035000157,0.0026512297,0.0089246807,0.98422724,0.00015710176,0.00023761356,0.0018396503,0.0013014685
20170920-171447-3.jpg,2,2,0.00013258861,0.00019542467,0.99180697,0.00042575562,0.0055758104,0.00014493312,0.00010555811,0.0001560944,0.0014568651
20170920-171913-1.jpg,2,2,6.2605226e-05,0.00021286528,0.99822316,0.00016063009,0.00078907012,3.5902949e-05,2.4706173e-05,0.00010725717,0.00038380099
20170920-171948-1.jpg,2,2,4.5190606e-05,0.00031644743,0.99323702,0.0014020677,0.0045391966,2.4460786e-05,2.9670777e-05,5.0815892e-05,0.00035513473
20170920-172057-1.jpg,2,2,6.7097869e-05,0.00023177288,0.99836662,0.00025935364,0.00049516715,0.00010267187,2.9799864e-05,6.3931006e-05,0.00038358241
20170920-172208-1.jpg,2,2,3.7643189e-05,6.8718488e-05,0.99774022,0.0002270159,0.00087279427,0.00013689373,1.8867073e-05,6.2277548e-05,0.00083557385
20170920-172300-1.jpg,2,2,0.00014230407,0.00021999573,0.99639863,0.00070667972,0.0012497873,0.00018265168,4.6086865e-05,0.00010128096,0.00095258805
20170920-173813-1.jpg,4,4,0.024351938,0.00046438712,0.23817501,0.0015980067,0.70352047,0.00099382732,9.9419548e-05,0.002170035,0.02862691
20170920-174352-1.jpg,4,4,0.003059011,0.00090475727,0.00088376187,0.0011783569,0.85232693,6.0734949e-05,0.00024198941,0.00049030301,0.14085416
20170920-174644-1.jpg,2,2,0.00020817138,0.00064701978,0.883272,0.00033543528,0.073419118,0.00055435749,9.6098313e-05,0.00014135758,0.041326442
20170920-180512-1.jpg,2,2,6.796513e-05,0.00013323924,0.99844643,0.0001560928,0.00065545157,5.2603694e-05,1.9003539e-05,1.857668e-05,0.00045063368
20170920-180928-1.jpg,2,2,0.00013191331,0.00012181754,0.99152836,0.00025327071,0.0036030579,0.00011574338,9.1734402e-05,6.6650535e-05,0.0040874523
20170920-181043-1.jpg,2,2,0.00035958709,0.00025101271,0.97738216,0.00068282229,0.0063883599,0.00090011925,6.7767361e-05,0.0005447732,0.013423401
20170920-181106-1.jpg,2,2,0.00012567558,0.00086086424,0.98000508,0.0011058835,0.0055688321,0.00040477609,5.1394897e-05,0.00021784003,0.01165965
20170920-181315-1.jpg,2,2,5.2113906e-05,0.00024080966,0.99040758,0.00019740277,0.0067394244,0.0007621314,6.5402211e-05,0.0005478873,0.00098725299
20170920-182718-1.jpg,2,2,8.3269353e-05,0.00018460429,0.99205325,0.0012222814,0.0017792318,0.00018358711,0.00011448286,0.00032875376,0.0040505355
20170920-182841-1.jpg,2,2,0.00054134654,0.00014783435,0.99198171,0.0023290953,0.0026541076,8.7507178e-05,0.0002194898,0.0010197181,0.0010191957
20170920-182932-1.jpg,2,4,0.00034405496,0.00015177091,0.3022341,0.051773727,0.63664557,0.00082290473,0.00016087935,0.00034783915,0.0075191484
20170920-183005-1.jpg,2,2,0.00059280363,0.00094915916,0.88537922,0.031786937,0.048200433,0.00020264983,0.00013224884,0.0011933905,0.031563154
20170920-183310-1.jpg,2,2,9.455198e-05,7.9611558e-05,0.99750474,0.00014110352,0.0011623165,0.00016211541,4.0501034e-05,0.00013864408,0.00067641127
20170920-183330-1.jpg,2,2,6.6838835e-05,0.00020775276,0.99135306,0.00027047189,0.0025072604,5.678288e-05,5.6207799e-05,0.00050571673,0.004975905
20170920-183647-1.jpg,2,2,0.00030879046,0.00012443905,0.99756608,0.00015709943,0.00099775178,9.3488591e-05,3.1957773e-05,0.00015559261,0.00056479703
20170920-183728-1.jpg,2,2,0.001070385,0.00020197164,0.98868977,0.0027076087,0.0024481858,0.00020708458,7.8264177e-05,0.0002989687,0.0042977616
20170920-184010-1.jpg,2,4,0.0012206092,0.00033301483,0.12485059,0.011415473,0.84187123,0.00012647019,4.9205955e-05,0.0011416145,0.018991794
20170920-184209-1.jpg,2,2,3.6729629e-05,0.0002117955,0.9990203,0.00028896648,0.00011471747,0.00013195079,9.4936271e-06,2.9920157e-05,0.00015612872
20170920-184904-1.jpg,2,2,5.6440476e-05,6.6351745e-05,0.99788798,0.00033471602,0.00092031963,8.0800544e-05,1.5234711e-05,2.8924718e-05,0.00060923477
20170920-185231-1.jpg,2,2,5.2697232e-05,0.00020354621,0.9964831,0.00021647674,0.0020903672,0.00011432349,2.8566348e-05,4.0101502e-05,0.00077081625
20170920-185253-1.jpg,2,2,8.8283219e-05,6.3407042e-05,0.99826582,0.00016238436,0.00059887448,3.6709175e-05,3.5147168e-05,9.2700561e-05,0.00065667639
20170920-185441-1.jpg,2,2,5.216622e-05,6.8810775e-05,0.99902937,0.00017581016,0.00042479692,3.0528141e-05,2.0379638e-05,3.7811882e-05,0.00016032879
20170920-185744-1.jpg,2,2,5.4451552e-05,9.489087e-05,0.99802121,0.00040687286,0.0010902691,6.418119e-05,2.9647413e-06,2.9659302e-05,0.00023549999
20170920-185902-1.jpg,2,4,0.0031613132,0.00082881349,0.17155468,0.35007943,0.46459702,0.00010409219,0.0003039805,0.0014529415,0.0079177318
20170920-190113-1.jpg,2,2,5.5164997e-05,5.9146642e-05,0.99821065,0.00011399738,0.00081426983,7.7440396e-05,4.6799667e-05,7.709957e-05,0.00054543342
20170920-190207-1.jpg,2,2,0.00010311155,0.00012200959,0.95616422,0.001028379,0.026043068,0.00039382205,0.00039987819,0.0002692196,0.015476287
20170920-190229-1.jpg,2,2,0.00014380542,7.0581346e-05,0.99786932,0.00011278008,0.00079400852,8.1080507e-05,3.8323918e-05,0.0001199359,0.00077016029
20170920-190248-1.jpg,2,2,0.00013502394,9.1913349e-05,0.99791878,0.00024965617,0.00067607964,5.934211e-05,5.1364529e-05,0.00037719757,0.00044064565
20170920-190640-1.jpg,2,2,6.3068816e-05,0.00024992816,0.99797064,0.00058225894,0.00051057855,0.00026310708,1.0888688e-05,5.3587378e-05,0.0002959456
20170920-190809-1.jpg,2,2,4.68378e-05,0.00016032392,0.99657911,6.2774952e-05,0.002671372,4.4387854e-05,1.1565757e-05,4.2506088e-05,0.00038111874
20170920-191441-1.jpg,2,2,6.4740413e-05,0.00011242732,0.99616043,0.00011480952,0.00049103778,9.3612897e-05,1.8009583e-05,6.6673261e-05,0.0028782611
20170920-191707-1.jpg,2,2,3.7949632e-05,5.6140291e-05,0.99936027,7.8651527e-05,0.00024814602,4.1940964e-05,1.7201044e-05,4.0638795e-05,0.00011906057
20170920-191748-1.jpg,2,8,0.00043993623,0.0022066195,0.21238264,0.00068630223,0.072245944,0.0002885847,0.00025436423,0.00092611738,0.71056949
20171025-073152-1.jpg,3,3,0.03017552,0.0012927814,7.47469e-05,0.95432507,0.0018082716,0.00032735651,0.00015831561,0.0037818682,0.0080560668
20171025-073808-2.jpg,3,3,0.010778977,5.2200496e-05,8.2935731e-05,0.9701998,0.0032899976,0.00012523833,0.00020478633,0.00076807419,0.014497994
20171025-073900-2.jpg,3,3,0.0052997906,2.7493876e-05,6.5792007e-05,0.97769183,0.0067816348,0.00011351044,0.00051083186,0.0006286034,0.0088805176
20171025-073944-1.jpg,3,3,0.013701105,0.00029687454,1.8531713e-05,0.97658327,0.0016495934,0.00028429952,7.5198264e-05,0.002548757,0.0048423685
20171025-074035-2.jpg,3,3,0.0011483344,0.0001425641,2.3870094e-05,0.99258507,0.0010736103,3.4729178e-05,6.942664e-05,8.3156655e-05,0.0048392431
20171025-074040-1.jpg,3,3,0.0029300727,0.00011046019,5.3090566e-05,0.98097215,0.0037644179,6.765134e-05,0.0002990698,0.00025592954,0.011547153
20171025-074208-1.jpg,3,3,0.0022633262,0.00011546734,5.1146768e-05,0.97612902,0.010269609,8.7432601e-05,0.00023188422,0.00077156992,0.01008054
20171025-074337-3.jpg,3,3,0.014769276,0.0001472552,0.00011325061,0.97730222,0.0025442551,9.1918384e-05,7.1950435e-05,0.00080473832,0.0041551331
20171025-074720-3.jpg,7,7,0.10445719,0.043010037,5.7705032e-05,0.0083859464,0.00042733941,0.0010374748,0.00029532757,0.83541678,0.0069122
20171025-074804-2.jpg,3,3,0.0024430135,0.00082591183,6.489433e-05,0.97343416,0.0093196152,4.3469796e-05,5.6015149e-05,0.00017503368,0.013637884
20171025-074814-3.jpg,3,3,0.013223385,0.00016463647,5.1190107e-05,0.98424206,0.00029843771,3.968564e-05,4.1962138e-05,0.0014762806,0.00046236708
20171025-074945-3.jpg,3,3,0.092179479,0.0013303987,0.00033874011,0.89919621,0.00050581575,3.6842345e-05,0.00012247251,0.0037817828,0.0025082564
20171025-075009-3.jpg,3,3,0.027326323,0.00026096795,0.00010338903,0.96249012,0.0015937008,0.00010541021,0.00019806422,0.00097614724,0.0069458761
20171025-075029-3.jpg,3,3,0.024697973,0.00039194614,0.00017617064,0.89420934,0.0039587844,0.00019299906,0.00063651023,0.00037564884,0.075360625
20171025-075137-1.jpg,3,3,0.10128863,0.0065304799,0.00095517524,0.83001897,0.00031129095,0.00025236932,0.0027647443,0.014610768,0.043267579
20171025-075207-1.jpg,3,3,0.021785483,0.0027779118,7.3430018e-05,0.9595417,0.0025005464,0.00010756962,0.0011589214,0.0011687403,0.010885697
20171025-075230-2.jpg,3,0,0.70173567,0.0055366867,0.00032648236,0.050693839,0.00051114143,0.00043272164,0.00069771052,0.23467992,0.0053858266
20171025-075321-2.jpg,3,3,0.002825671,0.00016585025,3.1579856e-05,0.99304511,0.0032891543,2.1240689e-05,8.841598e-05,8.4632084e-05,0.00044834464
20171025-075321-3.jpg,3,8,0.011802152,0.0021627629,0.00065591681,0.23492312,0.0082983252,0.0001518836,0.00038617504,0.00091969216,0.74069997
20171025-075340-2.jpg,3,3,0.058722539,0.01432732,0.00014796483,0.90038702,0.0003053158,0.00014810231,0.0001813803,0.02237024,0.0034101155
20171025-075622-1.jpg,3,3,0.0048460273,0.00043943503,6.6076209e-05,0.98250175,6.7810726e-05,5.0957395e-05,3.83734e-05,0.0047481534,0.0072414171
20171025-075942-2.jpg,3,3,0.010842112,0.0032345813,4.0072337e-05,0.97375747,0.00028166012,0.00017365685,7.7308635e-05,0.0081854453,0.0034076973
20171025-075943-3.jpg,3,8,0.0082078485,0.011689891,0.0007590065,0.4465175,0.0002624281,0.0010994212,0.00018483989,0.019439797,0.51183927
20171025-080026-1.jpg,3,3,0.031848809,0.0007804821,4.5754737e-05,0.95428052,0.00069720508,0.000251209,0.00021306176,0.0053542388,0.0065287204
20171025-080109-1.jpg,3,3,0.014826045,0.0021185642,0.00014619282,0.56391625,0.00083846434,0.00023212414,0.00013225031,0.022846789,0.39494332
20171025-080341-1.jpg,3,3,0.0036756304,0.0001322022,2.2254762e-05,0.97929088,0.00010485176,1.9875431e-05,0.00015849769,0.0023090646,0.014286748
20171025-080400-1.jpg,3,3,0.00050932766,5.1827672e-05,3.3227048e-05,0.99807928,0.00023154142,9.1972048e-06,6.1121603e-05,6.8388946e-05,0.00095608441
20171025-080431-1.jpg,3,3,0.0012155288,0.00034902417,7.0960507e-05,0.98792655,0.00013538797,4.1986884e-05,0.00017881571,0.0047056941,0.0053760552
20171025-080548-2.jpg,3,3,0.022221065,0.0055000013,0.00032806778,0.94956104,0.0015319525,0.00017289148,0.00043389174,0.0029138712,0.017337223
20171025-080953-1.jpg,3,3,0.00036324873,0.00018736121,9.618998e-05,0.99881901,0.00013902174,6.5107664e-06,7.6011867e-05,0.00011391934,0.00019872162
20171025-081051-3.jpg,3,4,0.015292577,0.00027079503,0.00066442744,0.4360269,0.50362564,0.0016977033,0.0017432292,0.018632898,0.022045828
20171025-081322-2.jpg,3,3,0.00077870559,3.5236208e-05,0.00015977324,0.99849441,0.00035926161,1.9932153e-05,4.0884294e-05,3.4942211e-05,7.6857498e-05
20171025-081548-1.jpg,3,3,0.00065039371,0.00064792793,0.00041577974,0.9542888,0.00035693543,9.9513793e-05,9.5500409e-05,0.0023891939,0.041055954
20171025-081556-2.jpg,3,3,0.00042555547,0.0010999549,0.015813102,0.89711842,0.003231861,0.00023006883,0.00018806936,0.00038313559,0.08150983
20171025-081726-2.jpg,3,3,0.0032386068,0.0001188379,7.0835093e-05,0.99431225,8.9514427e-05,0.00010460216,8.003424e-05,0.0014112647,0.00057405539
20171025-081740-1.jpg,0,0,0.93163582,0.00055543871,0.00010262862,0.0029533623,0.00027682403,0.00068498828,6.5610031e-06,0.038519078,0.0252653
20171025-081752-2.jpg,3,3,0.00044620462,3.094971e-05,6.2822038e-05,0.99766146,0.00014190179,5.5694e-05,3.3120803e-05,7.4790671e-05,0.0014930534
20171025-081905-1.jpg,0,0,0.97996872,0.00060620536,5.7454478e-05,0.00012902401,0.00031838991,0.0005122744,2.7240434e-05,0.016429863,0.0019508257
20171025-082130-2.jpg,3,3,0.0017191146,7.9448971e-05,0.00013642219,0.99657608,0.00012680036,2.9580936e-05,2.2933325e-05,0.00037101243,0.00093860903
20171025-082241-2.jpg,3,3,0.00063388585,5.2276705e-05,9.2917065e-05,0.99861397,0.00018697025,1.3151214e-05,5.2479292e-05,8.3952735e-05,0.00027039994
20171025-082253-1.jpg,0,0,0.8378937,0.00041339749,0.00048609904,0.00021919998,0.00040602776,0.0013070824,8.3170544e-05,0.072062606,0.087128721
20171025-082303-3.jpg,3,3,0.0026436334,6.9015273e-05,0.00026010575,0.95815587,0.034958995,0.0001359364,0.00032030253,0.00049960646,0.0029565324
20171025-082312-1.jpg,0,8,0.21137665,0.0021687015,0.0011319348,0.0002780989,0.00071610776,0.0013112673,6.6509634e-05,0.073458498,0.70949223
20171025-082605-1.jpg,3,3,0.00038736919,0.00013650894,0.00017849556,0.99565151,0.00026263301,6.3549333e-06,6.3122019e-05,0.00021368487,0.0031003238
20171025-082709-2.jpg,3,3,0.044210979,0.0023559774,0.0010624193,0.71578439,0.00010126702,0.0018116554,0.00010417997,0.060638584,0.17393055
20171025-082818-1.jpg,0,0,0.97333178,0.00040445972,6.8198558e-05,0.00091623485,0.00011667436,8.9616526e-05,4.3239653e-06,0.0072054457,0.017863263
20171025-082829-3.jpg,3,3,0.0016396114,4.9976233e-05,0.00025205407,0.98998082,0.00314949,5.3354625e-05,0.00013448377,0.00037638677,0.0043638188
20171025-083151-3.jpg,7,7,0.020350595,0.0013734346,0.00029749014,0.044109426,0.00014354505,6.3982631e-05,0.00046632303,0.92167363,0.011521578
20171025-090121-2.jpg,3,3,0.0011815496,5.2028987e-05,0.00017303864,0.97820912,0.017275438,0.00011878742,0.00015518901,0.00031282065,0.0025220228
20171025-090316-1.jpg,3,3,0.010439751,0.00015090719,0.0013790609,0.95797445,0.024797768,5.6953489e-05,0.00061483245,0.00024775331,0.0043385257
20171025-090608-1.jpg,3,3,0.0038239057,0.00031147783,0.0042683358,0.89769231,0.086432679,0.00056883718,0.0028320374,0.0013013591,0.0027690623
20171025-090643-1.jpg,3,3,0.062279771,0.0023507021,0.0062861573,0.55377621,0.3326675,0.00036083872,0.00049745834,0.003835514,0.037945843
20171025-090747-2.jpg,3,3,0.0029611158,5.0552224e-05,9.3001974e-05,0.98734212,0.0085647179,3.3233046e-05,0.00023412127,7.4618828e-05,0.00064652157
20171025-090836-1.jpg,3,3,0.030837845,0.0058365691,0.0010003756,0.91643506,0.0062651428,0.00095822253,0.0010546105,0.010386264,0.027225909
20171025-090845-3.jpg,3,3,0.0018580156,0.00013592113,0.00030832066,0.61353025,0.35840267,0.00017447735,0.0012545287,0.00016916355,0.024166651
20171025-091030-1.jpg,3,3,0.0025765696,0.00048918037,0.00030524315,0.98391005,0.0024145577,0.00093042865,0.00079550128,0.0010408879,0.0075375771
20171025-091108-2.jpg,3,3,0.0060546425,5.434967e-05,0.0005676251,0.97462423,0.013545981,0.00014786738,0.00010952096,0.00032991235,0.0045658682
20171025-091126-3.jpg,3,3,0.0029956656,0.00040493459,0.00071745444,0.54402723,0.42158649,0.00013652871,0.00062782295,0.00061750658,0.028886364
20171025-091240-2.jpg,3,3,0.018481344,0.00016384439,0.0006091105,0.9495052,0.029172175,0.00017354868,0.00037587964,0.00025420715,0.0012646941
20171025-091328-1.jpg,3,3,0.0011948297,5.9818312e-05,7.2373492e-05,0.98854568,0.0065587646,5.5632779e-05,0.00034605507,0.00011934673,0.0030474989
20171025-091416-1.jpg,3,3,0.0030722073,0.00022346499,0.00013548606,0.94579207,0.042424869,2.4710334e-05,0.00025843658,0.00038509575,0.0076836562
20171025-091430-1.jpg,3,8,0.016414892,0.0086311667,0.0023447151,0.20501026,0.0073737808,0.0013376076,0.27282797,0.0025698431,0.48348976
20171025-091641-1.jpg,3,3,0.0016527455,0.00048807231,3.7787957e-05,0.97694749,0.0011384557,1.8975679e-05,0.0004963629,0.00076971685,0.018450395
20171025-091659-1.jpg,3,3,0.003238046,0.00018216963,3.5346064e-05,0.99226677,6.8177864e-05,1.657958e-05,7.1454446e-05,0.0018243338,0.0022971197
20171025-091745-1.jpg,3,3,0.0018212194,6.2095258e-05,3.0381342e-05,0.9911296,0.00043631304,2.4057046e-05,0.00013230596,3.7477889e-05,0.0063265502
20171025-092049-3.jpg,3,3,0.0010304915,0.00030196746,0.029174839,0.91959434,0.041066708,0.00043361948,0.00055878801,0.00036565562,0.0074735921
20171025-092207-1.jpg,3,3,0.0010066218,0.00013229593,7.7946649e-05,0.97788292,0.00058767918,0.00047114029,0.00034612156,0.00029775508,0.019197523
20171025-092305-3.jpg,3,4,0.0019591228,0.00021709154,0.043986118,0.039486354,0.90038903,0.00059225265,0.00081309977,0.00087595822,0.011680974
20171025-092336-2.jpg,3,3,0.006864009,0.00021699439,0.0004132649,0.98919639,0.00035033307,3.4086649e-05,1.9728915e-05,0.00024853668,0.0026566613
20171025-092349-1.jpg,3,3,0.0016702587,0.00011682566,2.1124934e-05,0.99127494,9.2259179e-05,4.3685533e-05,7.909527e-05,0.00020425728,0.0064975541
20171025-092405-2.jpg,3,3,0.00032072087,2.3209922e-05,5.6865621e-05,0.9984984,0.00032719495,2.2690492e-05,6.5285074e-05,7.5216583e-05,0.00061041892
20171025-092445-1.jpg,3,3,0.0040311963,0.00028896483,0.00052515096,0.80849645,0.00029850331,3.5419236e-05,0.00017058743,0.00093238068,0.18522134
20171025-092638-1.jpg,3,3,0.0031823926,6.6870126e-05,5.4431788e-05,0.97396025,0.0014174399,2.9761546e-05,0.00028157814,0.000360108,0.020647166
20171025-092653-3.jpg,7,7,0.15494879,0.16297947,0.00032998053,0.00059198661,0.00038579323,0.004806202,0.00032418905,0.63742766,0.038205933
20171025-092711-3.jpg,7,7,0.0010141276,0.00077567725,4.2294398e-05,0.0017134775,0.00020534631,0.00015812178,7.1509398e-05,0.99063037,0.0053890785
20171025-092759-3.jpg,7,3,0.20636719,0.0014648816,0.0015190572,0.38664875,0.0013909988,0.0012151639,0.0015386639,0.2425655,0.15728979
20171025-092802-1.jpg,3,3,0.00066161517,0.0001187298,5.6384535e-05,0.9930094,0.00023773498,2.1226307e-05,0.00013168301,0.0010186419,0.0047445796
20171025-092817-1.jpg,3,3,0.0015963615,9.2664235e-05,7.580197e-05,0.99270539,0.00013282853,3.8921213e-05,0.00014805957,0.00055952874,0.0046504478
20171025-092835-1.jpg,3,3,0.0012077371,0.00026270835,8.4718336e-05,0.97942333,0.00034691962,7.5460776e-05,0.00016484619,0.0003317555,0.018102526
20171025-092853-2.jpg,3,3,0.00013817729,2.1111794e-05,6.3380833e-05,0.99770816,0.00029807692,2.6092705e-05,7.3470698e-05,3.3272884e-05,0.0016382605
20171025-092934-1.jpg,3,3,0.00087539242,5.8291169e-05,8.3846735e-05,0.99475709,0.00013097727,4.8081013e-05,4.4547317e-05,0.00018606314,0.0038157084
20171025-093019-2.jpg,3,3,0.0014417443,0.00019822257,7.6603756e-05,0.99369309,0.00019483845,2.6131037e-05,0.00019756286,0.00022191431,0.0039498903
20171025-093048-2.jpg,3,3,0.00062246449,4.705561e-05,2.3472345e-05,0.99816841,0.00061037201,1.759309e-05,9.8346707e-05,3.4709496e-05,0.0003775752
20171025-093155-1.jpg,3,3,0.016737828,0.0030399379,0.0099671345,0.93097353,0.0061554913,0.0090378449,0.00017699846,0.00069254347,0.023218693
20171025-093218-2.jpg,3,8,0.0032668435,0.00056228866,0.00064709961,0.44661196,0.00087674596,0.00028317889,0.00053496761,0.002758995,0.54445792
20171025-093452-1.jpg,3,3,0.0042419422,0.00012718212,6.2695207e-05,0.99218658,0.00039229402,5.5144746e-05,0.0003423123,0.00036379344,0.0022280512
20171025-093514-1.jpg,3,3,0.00093872679,2.3070596e-05,4.6627144e-05,0.99791051,9.119094e-05,2.6115637e-05,2.6559247e-05,6.1042898e-05,0.00087615473
20171025-093549-1.jpg,3,3,0.00093147041,4.4313726e-05,0.00027885976,0.9930176,0.00027097307,1.4830458e-05,4.2111469e-05,0.00021688273,0.00518296
20171025-093624-1.jpg,3,7,0.0084772844,0.14571531,0.0025344625,0.27846762,0.00035153493,0.0021007576,0.00057957037,0.49253809,0.069235368
20171025-093745-2.jpg,3,3,0.0003336998,3.5574603e-05,0.00011434615,0.99878712,0.0002839827,1.9845135e-05,4.7090961e-05,1.5610535e-05,0.00036272751
20171025-093959-3.jpg,7,7,0.025993873,0.021482122,0.001063595,0.0020570019,0.00335351,0.0017435146,0.0026971646,0.90065446,0.040954757
20171025-094114-2.jpg,3,3,0.00011714632,5.3759993e-05,0.00012848242,0.99941392,8.30847e-05,7.1921779e-06,7.6211652e-05,3.3146258e-05,8.7060482e-05
20171025-094342-2.jpg,3,3,0.00114264,8.813508e-05,0.00015352941,0.99699406,0.00032750673,5.3120434e-05,7.03803e-05,6.9116282e-05,0.0011015076
20171025-094654-1.jpg,3,3,0.00098703183,7.1103035e-05,0.00025724946,0.9770299,0.00024092854,9.4418757e-05,3.6429853e-05,9.4959602e-05,0.021187979
20171025-094805-2.jpg,3,3,0.00066810319,3.4867004e-05,5.4789746e-05,0.98513917,0.00084892234,2.0537106e-05,6.8552779e-05,4.1520426e-05,0.013123534
20171025-094836-1.jpg,3,3,0.0011378926,0.00012339477,0.00062797462,0.75646621,0.00091360712,8.3306881e-05,0.00030142928,0.00013802849,0.24020816
20171025-095017-3.jpg,3,3,0.012513835,0.00028502855,0.00096109111,0.68348546,0.031775918,0.00011066207,0.0006102066,0.00028786402,0.26996993
20171025-095149-1.jpg,3,3,0.000907497,0.0001482447,4.8464736e-05,0.79253736,0.00086050791,4.0185464e-05,0.00030430561,0.00049742604,0.20465601
20171025-095238-2.jpg,3,3,0.00022600995,3.8208677e-05,0.00028444295,0.99370636,0.0011119848,2.8062648e-05,0.00010211035,4.8663754e-05,0.004454158
20171025-095344-1.jpg,3,3,0.0022574781,0.00032973625,0.0006355484,0.94656443,0.00045165923,0.0035095127,8.4395935e-05,0.00034478492,0.045822452
20171025-095541-2.jpg,3,3,0.00032967163,1.6312123e-05,7.343624e-05,0.99912496,6.9938494e-05,9.9883997e-06,3.0028919e-05,3.8094682e-05,0.00030756866
20171025-095611-1.jpg,3,3,0.00020432846,3.7416287e-05,1.6155907e-05,0.99834892,0.00011332355,1.1348652e-05,7.761265e-05,3.7082186e-05,0.0011538171
20171025-095632-2.jpg,3,3,0.0001241291,6.1008301e-05,0.00022494325,0.99642608,0.0013440206,1.4157936e-05,6.9271788e-05,1.1326675e-05,0.0017250638
20171025-095638-1.jpg,3,3,0.00039132606,3.400385e-05,4.8748081e-05,0.99898633,0.00019243875,9.2560491e-06,9.1384877e-05,4.1872708e-05,0.00020464062
20171025-095706-3.jpg,3,3,0.01608173,0.00027491115,0.018200964,0.88149055,0.067966248,0.00044910094,0.00064661714,0.00027460269,0.014615281
20171025-095741-3.jpg,3,3,0.0072449139,0.00053926705,0.01131162,0.77780338,0.17924654,0.00024941011,0.00044635412,0.00029673553,0.022861787
20171025-095903-3.jpg,3,3,0.0025411596,0.0001014279,0.00011312506,0.99048841,0.003890627,3.8363484e-05,8.6123205e-05,0.00043826652,0.0023024991
20171025-095957-1.jpg,3,3,0.0032901852,4.8279349e-05,0.0001233559,0.9940247,0.00091324848,3.3719271e-05,0.00015110977,0.00016688311,0.0012485141
20171025-100012-2.jpg,3,3,0.00037034826,1.7370391e-05,0.00013057026,0.99719193,0.0011440751,2.514809e-05,6.1071859e-05,2.4457387e-05,0.0010350311
20171025-100255-2.jpg,3,3,0.00025240372,5.3454031e-05,0.00014400352,0.99671245,0.00098319326,2.5499233e-05,7.8223881e-05,3.3098985e-05,0.0017176773
20171025-100327-2.jpg,3,3,0.013254491,8.2740158e-05,0.00014405644,0.96747245,0.014792836,6.0888192e-05,0.0002895091,0.00020617844,0.0036968536
20171025-100346-2.jpg,3,3,0.00065258473,5.4410422e-05,0.00014170225,0.99363913,0.0019654571,2.3541209e-05,0.00028219481,4.4362524e-05,0.0031966186
20171025-100510-2.jpg,3,3,0.0010818335,5.1311185e-05,4.3875558e-05,0.99553306,0.00011964993,1.8777025e-05,0.00023881904,0.00047047612,0.0024421967
20171025-100715-2.jpg,3,3,0.00018918202,3.3922548e-05,6.6747029e-05,0.99305075,0.0012737777,2.3949329e-05,0.0001118369,1.807365e-05,0.005231761
20171025-100822-2.jpg,3,3,0.0010995907,0.00032980097,0.00033009559,0.67968371,0.0015151003,6.7020811e-05,8.4703031e-05,0.0004120564,0.31647792
20171025-100830-3.jpg,3,3,0.005850455,0.0010491235,0.037620926,0.91076189,0.033940418,0.0029493145,0.0007264799,0.00037822936,0.006723165
20171025-100848-3.jpg,3,3,0.0010419857,0.00021341313,0.0085413848,0.7862967,0.20013745,0.00018595062,0.00032961181,7.8032522e-05,0.0031754666
20171025-101138-1.jpg,3,3,0.00035737552,4.729821e-05,0.00018697111,0.99470569,0.00096738982,3.5238144e-05,8.2462684e-05,6.9386082e-05,0.0035481933
20171025-101302-1.jpg,3,3,0.00046165253,2.1843345e-05,3.2185156e-05,0.99899338,0.00029266943,9.2145882e-06,2.4077941e-05,2.026263e-05,0.00014471814
20171025-172145-3.jpg,3,3,0.037002786,0.1906476,0.003870634,0.53321432,0.00021186733,0.0019399984,0.00023571358,0.012373498,0.22050359
20171102-092924-3.jpg,4,4,0.0010960453,0.00020110388,0.00070760549,0.065942021,0.86382231,0.00025094543,0.0004205334,0.00032117398,0.06723826
20171102-093205-2.jpg,4,4,0.0016417735,0.00039441229,0.0032975782,0.012920422,0.90848411,0.00013562871,0.00037383697,0.00037992742,0.072372307
20171102-093305-1.jpg,4,4,0.0077439275,0.0031212074,0.013710186,0.07430019,0.8477898,0.00026834389,0.0009502989,0.00049971826,0.051616328
20171102-093326-1.jpg,4,4,0.001243568,0.00080653762,0.0012561283,0.001746746,0.94543909,0.00014429146,0.00024917921,0.00045357671,0.048660881
20171102-093339-2.jpg,4,4,0.068672478,0.00063767098,0.00050326437,0.042864574,0.86178099,0.00047762619,0.00078717146,0.0047852862,0.019490933
20171102-093342-3.jpg,4,8,0.029737856,0.0027998767,0.0043597065,0.0019580178,0.13751816,0.00014311648,0.00041980576,0.003531477,0.81953198
20171102-093459-1.jpg,4,2,0.0021620873,0.0010967722,0.89604076,0.023405219,0.027912772,0.00040683437,0.00052129679,0.0010939385,0.04736032
20171102-093629-3.jpg,4,8,0.014396282,0.0076129282,0.087254331,0.0004154065,0.10765024,0.00012256183,9.8292422e-05,0.00187279,0.78057717
20171102-093936-1.jpg,4,4,0.00083053247,0.00045900028,0.0021989406,0.00070541139,0.9426041,8.6334724e-05,0.00010437112,0.00036463841,0.052646667
20171102-094000-1.jpg,4,4,0.0047770468,0.00067275084,0.0037226893,0.0026673196,0.8764675,0.00018221678,9.1732056e-05,0.00033986117,0.11107889
20171102-094653-2.jpg,4,4,0.00020811333,4.6884021e-05,0.00079966424,0.00061847049,0.95843407,3.3288643e-05,9.9686452e-05,0.00011890619,0.039640921
20171102-094714-3.jpg,4,8,0.039619384,0.015950636,0.0047605235,0.0052090595,0.36836886,0.00010826794,0.00084294548,0.057994976,0.50714535
20171102-095154-1.jpg,4,4,0.00073133874,0.000114798,0.00053872262,0.0013401182,0.98935154,5.0063869e-05,0.00019262345,8.2443801e-05,0.0075983545
20171102-095239-1.jpg,4,4,0.02058066,0.032113166,0.08239247,0.025074575,0.57039602,0.0002304549,0.00017471305,0.0034552815,0.26558266
20171102-095632-3.jpg,4,8,0.0059789846,0.00035401588,0.050663286,0.00105547,0.22604025,0.00017200942,0.00016099291,0.0023892952,0.71318569
20171102-095706-3.jpg,4,4,0.12644823,0.00034559003,0.011217905,0.0029456141,0.72827483,0.0017558739,0.00011375043,0.011487765,0.11741043
20171102-095843-1.jpg,4,8,0.17339866,0.0040508091,0.32724212,0.00791757,0.095261449,0.0005237603,0.00029120367,0.0093767661,0.38193767
20171102-100049-1.jpg,4,4,0.0040418881,0.00086389522,0.00043056408,0.0025254418,0.88051982,4.1088853e-05,0.00041016963,0.00046047739,0.11070666
20171102-100226-1.jpg,4,4,0.005420509,0.0004686701,0.00029509633,0.0003513346,0.92944545,4.1011294e-05,0.00024587315,0.0019955506,0.061736504
20171102-100310-2.jpg,4,4,0.0011920728,0.00040246124,0.00057439246,0.0082221739,0.9630402,5.9977256e-05,0.00039781832,0.0001291647,0.025981743
20171102-100322-1.jpg,8,4,0.0087285992,0.0018320561,0.010394495,0.11329141,0.84197943,5.0392795e-05,0.00019272317,0.0021680736,0.021362825
20171102-100343-2.jpg,8,4,0.00070415468,6.5447739e-05,0.0024791576,0.0003427113,0.98393842,0.00013387173,5.6606607e-05,7.4957026e-05,0.01220467
20171102-100725-2.jpg,4,4,0.0011025566,0.0010388797,0.0024806679,0.0010157406,0.89374679,4.0526962e-05,0.00050912861,0.00023281006,0.099832898
20171102-102254-1.jpg,2,4,0.0037033986,0.001861217,0.29100264,0.026755144,0.62524798,0.001689017,0.00045433782,0.0004862139,0.048800054
20171102-102316-1.jpg,2,2,0.00085341525,0.0012937441,0.82309457,0.0040289476,0.07972276,0.00066904338,0.00099071265,0.001488915,0.087857896
20171102-102521-2.jpg,2,2,9.4776877e-05,0.00013023858,0.99841429,0.0007118123,0.00031531781,6.8161382e-05,1.0918901e-05,6.8516034e-05,0.00018597309
20171102-102657-3.jpg,2,2,0.00017389971,0.00017573661,0.98950311,0.00016714636,0.0012332531,3.9820081e-05,2.1135246e-05,0.0001148348,0.0085710668
20171102-102854-1.jpg,2,2,1.3334469e-05,3.5342203e-05,0.99797467,5.2374641e-05,0.0017544186,3.6435932e-05,1.2019656e-05,1.1314117e-05,0.00011008801
20171102-103146-2.jpg,2,3,0.060525001,0.0019764327,0.24771324,0.31925535,0.23683184,0.00084935964,0.00040971991,0.0062788039,0.12616025
20171102-103606-1.jpg,2,2,4.7182013e-05,4.855735e-05,0.99320415,0.00035690733,0.00599513,6.0425332e-05,1.5414208e-05,5.0294396e-05,0.00022193572
20171102-103617-3.jpg,2,2,0.00039682291,0.0034017167,0.9876285,0.00027091227,0.0035721702,0.00059601987,0.00013638907,0.00023096578,0.0037664996
20171102-103940-2.jpg,2,2,0.0018773768,0.022367609,0.72552563,0.0083679141,0.070280183,0.00147155,0.00061769377,0.017288512,0.15220354
20171102-104458-1.jpg,2,2,8.6352608e-05,0.00012469396,0.98143203,5.3568547e-05,0.010159715,5.0727243e-05,0.00015679353,4.66233e-05,0.0078894919
20171102-105632-2.jpg,2,2,0.0002988283,0.00029341084,0.95082538,0.00020641499,0.031809993,0.00030263158,3.6662428e-05,0.00016870248,0.016057976
20171102-115100-1.jpg,2,2,2.5594886e-05,3.7952223e-05,0.99812907,0.00011045728,0.0010131765,2.8872993e-05,1.7557541e-05,4.1105653e-05,0.00059621578
20171102-115311-2.jpg,2,2,0.0009873965,0.00010889186,0.99648217,0.00017806672,0.00056937885,0.00075853259,3.8362481e-05,0.00016954029,0.00070766167
20171102-115337-2.jpg,2,2,0.000171433,4.5700737e-05,0.99678354,0.00026614831,0.0022795816,0.0002089722,1.0999573e-05,2.6125635e-05,0.00020750118
20171102-115409-1.jpg,2,2,0.00036379238,7.611149e-05,0.9983703,0.00015755803,0.00068413695,4.5933581e-05,8.1955738e-06,2.2681057e-05,0.00027129074
20171102-115445-3.jpg,2,2,6.1982606e-05,0.00026440485,0.994918,0.00037607337,0.0038824996,0.00031048082,1.2744627e-05,5.2690124e-05,0.00012112491
20171102-115453-2.jpg,2,2,2.3672537e-05,0.00018179794,0.99658183,0.00095560097,0.0015098821,0.00043567119,1.8628197e-05,3.9524164e-05,0.00025339351
20171102-115533-3.jpg,2,2,0.0013489122,0.00022775981,0.99645778,6.5626901e-05,0.0006681711,0.00044347967,3.2265313e-05,1.7031444e-05,0.00073897795
20171102-115622-3.jpg,2,2,0.00010736866,0.00010659966,0.99605531,0.00022922359,0.0024728017,7.8088012e-05,8.0701052e-06,5.8180915e-05,0.00088435744
20171102-115748-1.jpg,2,2,6.9622842e-05,4.8656186e-05,0.99961671,3.5841084e-05,0.00015261972,2.1441345e-05,7.6963098e-06,1.0469498e-05,3.69392e-05
20171102-115830-3.jpg,2,2,0.00052139979,0.002206386,0.94240606,0.0011491444,0.004236245,0.001705824,6.1313732e-05,0.00049707637,0.047216551
20171102-115918-3.jpg,2,2,0.00021657636,0.00027331679,0.99416669,9.8362247e-05,0.0019689416,3.3679944e-05,0.00011596641,5.1602338e-05,0.0030748635
20171102-115938-3.jpg,2,2,1.7076418e-05,5.9690511e-05,0.99955861,4.0252282e-05,0.00024437875,2.2869546e-05,8.4542103e-06,1.0519654e-05,3.8145667e-05
20171102-120152-1.jpg,2,2,4.4486425e-05,0.00013558102,0.99755615,8.1132194e-05,0.00049386266,4.5685683e-05,6.9807224e-06,6.9970638e-05,0.0015661474
20171102-120302-3.jpg,2,2,8.6349699e-05,4.8977544e-05,0.99916378,7.3786398e-05,0.00046591534,3.271804e-05,5.1413783e-06,2.1222512e-05,0.00010211326
20171102-120320-2.jpg,2,2,0.00089521457,0.00022439719,0.9920612,0.001700133,0.0031348275,0.00024687195,2.4902235e-05,0.000191815,0.0015206399
20171102-120336-2.jpg,2,2,0.00033350735,0.00021374286,0.99778065,0.00074362996,0.00072003798,7.430907e-05,1.2604624e-05,3.3285531e-05,8.8228063e-05
20171102-120404-1.jpg,2,2,4.8939865e-05,0.00011668563,0.99865096,0.0004791084,0.00052431213,5.7461841e-05,6.1459694e-06,1.8287106e-05,9.8103826e-05
20171102-120725-1.jpg,2,2,0.014389476,0.00044752059,0.98243671,0.00030190631,0.00070345608,0.00029087776,2.5556402e-05,9.5281002e-05,0.001309218
20171102-120830-1.jpg,2,2,5.4164679e-05,4.9558733e-05,0.99926748,3.2049568e-05,0.00048040059,2.5103883e-05,5.3478408e-06,9.537985e-06,7.6360885e-05
20171102-120950-3.jpg,2,2,0.00010645681,8.8417334e-05,0.99891149,0.00017636933,0.00028108341,0.00011068126,1.5420923e-05,1.4589423e-05,0.00029549204
20171102-121052-3.jpg,2,2,7.540826e-05,0.00078519238,0.99803652,8.8094066e-05,0.00060379333,4.4842083e-05,5.9928996e-06,1.6303508e-05,0.00034385232
20171102-121121-1.jpg,2,2,9.2535146e-05,5.1607964e-05,0.99938846,8.7910525e-05,0.00020018345,4.0127293e-05,2.8413786e-06,2.7340135e-05,0.00010899888
20171102-121129-3.jpg,2,2,4.857613e-05,0.00050155542,0.99820898,0.00010134218,0.00066192913,4.2872365e-05,1.6457268e-05,2.443033e-05,0.00039386104
20171102-121141-1.jpg,2,2,8.1663244e-05,6.5804815e-05,0.99877761,0.00010632546,0.00049721947,5.9350411e-05,8.1376069e-06,8.7326286e-05,0.00031656084
20171102-121309-3.jpg,2,2,5.6892353e-05,9.7609917e-05,0.9964432,0.00059819532,0.001326291,0.0004842031,3.1611732e-05,9.7291554e-06,0.00095226725
20171102-121401-2.jpg,2,2,0.00055523466,0.0015477553,0.97754014,0.0037080979,0.011833032,0.00023347165,0.00017773774,0.00022019578,0.0041843356
20171102-121434-2.jpg,2,2,0.00041782897,0.00045287203,0.99241712,0.00092366887,0.0029392546,0.00012174138,5.132493e-05,8.8258361e-05,0.0025879354
20171102-121548-2.jpg,2,8,0.0036897941,0.0019528109,0.35275294,0.0018715954,0.018428748,0.00010175941,0.00012605842,0.0028150073,0.61826129
20171102-121702-2.jpg,2,2,3.1996774e-05,3.9265061e-05,0.99908698,3.930128e-05,0.0005794679,1.7870456e-05,6.1741453e-06,1.2599778e-05,0.0001863461
20171102-121759-3.jpg,2,2,2.1380412e-05,8.4039555e-05,0.99867942,4.6431471e-05,0.00023362391,3.4845358e-05,1.0778899e-05,1.631895e-05,0.00087315893
20171102-122003-2.jpg,2,2,0.00037829629,0.0003541316,0.9922431,6.0849458e-05,0.00086959603,3.5558605e-05,1.3674433e-05,0.00017000568,0.0058747909
20171102-122133-2.jpg,2,2,2.589319e-05,7.1318986e-05,0.99910552,2.6072318e-05,0.00051660913,1.5214997e-05,5.227453e-06,8.0084648e-06,0.00022613551
20171102-122300-2.jpg,2,2,1.7746245e-05,0.00013226661,0.99921433,3.3566471e-05,0.00036482429,2.7479635e-05,1.0769637e-05,2.1519676e-05,0.0001774976
20171102-122443-1.jpg,2,2,0.0011014989,0.0012259227,0.94260529,0.0045068588,0.027329689,0.00016998038,7.7140336e-05,0.0002214084,0.022762214
20171102-122541-2.jpg,2,2,0.0003508383,0.00040889669,0.98092751,0.00032180521,0.0030940595,6.3934314e-05,2.1199787e-05,0.0004028596,0.014408899
20171102-122633-3.jpg,2,2,0.00013997956,0.00025403172,0.98140161,0.00025558597,0.0036486495,0.00018504845,4.1853081e-05,5.6450544e-05,0.014016795
20171102-122709-2.jpg,2,2,0.00011556565,9.6958529e-05,0.99851557,2.6207269e-05,0.00098266226,3.2382601e-05,4.7228717e-06,1.5360716e-05,0.00021057258
20171102-122750-1.jpg,2,2,0.012953497,0.004952379,0.91199162,0.0059579446,0.026959833,0.00033409612,0.00018960506,0.0016411373,0.035019891
20171102-122804-2.jpg,2,2,3.8399738e-05,7.5804263e-05,0.99669413,0.00013159028,0.0025515893,4.7766371e-05,1.7044173e-05,1.5544585e-05,0.00042813375
20171102-122825-1.jpg,2,2,0.0021876156,0.00091083612,0.9807925,0.0026964107,0.010439534,0.00015761786,5.0229764e-05,0.00021379692,0.0025514581
20171102-122830-2.jpg,2,2,0.00016058986,0.00073817549,0.98975281,0.00035887063,0.0023652985,0.00010891016,0.00010557001,0.0002014421,0.0062083323
20171102-122851-3.jpg,2,2,0.0001694598,0.0011670162,0.99524618,0.0011115783,0.00050963721,0.0011796266,1.3832135e-05,2.659116e-05,0.00057608309
20171102-122909-1.jpg,2,2,0.00071144672,0.00070558753,0.97850921,0.00014514982,0.0077810612,0.00016198221,2.3198586e-05,0.00052192508,0.011440437
20171102-123002-2.jpg,2,2,0.11599829,0.0016131776,0.76573989,0.0044093526,0.020904706,0.037751565,0.00097098569,0.0062744587,0.046337573
20171102-123036-3.jpg,2,2,3.8646507e-05,0.0002270253,0.99903375,7.3371217e-05,0.00043201217,5.5715233e-05,4.4446157e-06,2.3861844e-05,0.0001111753
20171102-123107-2.jpg,2,2,0.00012905842,9.6716816e-05,0.99742442,0.0010175911,0.00099583863,2.6474158e-05,8.0187274e-06,1.6700194e-05,0.00028518216
20171102-123125-1.jpg,2,2,0.00027377517,0.00031276982,0.99737224,0.00040571721,0.00045253551,0.00013303959,1.6324857e-05,4.8956403e-05,0.00098463837
20171102-123156-1.jpg,2,2,5.3135791e-05,7.5416162e-05,0.99828408,0.00056149078,0.00087279769,4.8182608e-05,8.6068859e-06,1.7492605e-05,7.8801827e-05
20171102-123211-2.jpg,2,2,0.00018681733,0.00011663527,0.99562248,0.00093619315,0.0027563754,4.1257192e-05,7.227551e-06,2.1974519e-05,0.00031103957
20171102-123238-1.jpg,2,2,0.00016142701,6.4100151e-05,0.99624675,0.00056917944,0.0017929616,0.00040409051,1.9463219e-05,1.207623e-05,0.00072995319
20171102-123253-1.jpg,2,2,6.2722366e-05,5.9230195e-05,0.9923247,0.0017534288,0.0054715123,0.00014484457,2.3136662e-05,1.6300165e-05,0.00014412106
20171102-123303-2.jpg,2,2,0.00011169932,0.00018406883,0.9978461,0.0011085162,0.00039260142,7.9005014e-05,8.3685909e-06,3.3859925e-05,0.00023578462
20171102-123338-2.jpg,2,2,6.4196147e-05,0.00011420625,0.99844176,0.0001349303,0.00068292448,1.8855838e-05,6.9761804e-06,0.00010296533,0.0004331813
20171102-123402-1.jpg,2,2,0.0001735061,0.0001544708,0.99301678,0.0003352064,0.00062250048,0.00016908341,1.635509e-05,1.5765003e-05,0.0054963353
20171102-123451-3.jpg,2,2,2.8870511e-05,6.9737675e-05,0.99843032,8.8748138e-05,0.0010500879,0.00010581158,1.2694842e-05,3.0383448e-05,0.0001833432
20171102-123516-3.jpg,2,2,0.00019277252,0.00024562327,0.99518793,0.002148652,0.0018909039,9.4991752e-05,9.3328906e-06,1.0825859e-05,0.00021896591
20171102-123523-1.jpg,2,2,0.00040872039,0.00035957628,0.98687102,0.00027036226,0.0053816151,0.00016804968,6.8711314e-06,4.940049e-05,0.0064843867
20171108-124115-3.jpg,5,5,0.0073978109,0.022002919,0.0018362353,0.00069287542,0.00066821256,0.7924386,0.00034208909,0.049486355,0.1251349
20171108-124937-3.jpg,5,5,0.0017406967,0.0003407775,0.00085289313,0.0006212882,0.00098944351,0.99155158,0.00018769494,0.0010340386,0.0026815881
20171108-125451-3.jpg,5,5,0.0019066598,0.00012630706,0.00019898645,0.00025899938,0.0003089497,0.98924468,0.00015259306,0.0011764969,0.0066263231
20171108-125657-3.jpg,5,5,0.13976887,0.0084670455,0.010200621,0.0063916029,0.0033208806,0.59035805,0.00043236558,0.10986815,0.13119242
20171108-130147-3.jpg,5,5,0.012613053,0.027854048,0.024188219,0.012879102,0.012210098,0.48544792,0.0027978964,0.056658316,0.36535135
20171108-130308-3.jpg,5,5,0.020114578,0.0021192754,0.0024642173,0.0043881098,0.00085947089,0.93320892,0.00078279957,0.029440058,0.0066225746
20171108-130728-3.jpg,5,5,0.0014036602,0.0013061795,0.00056759374,7.0681071e-05,0.00029559927,0.96938422,0.00013789562,0.00035321132,0.026480964
20171109-071008-3.jpg,5,5,0.00052967382,0.00030572274,0.00023161732,0.00061778374,0.00037127597,0.99489731,0.0013875083,0.00061880304,0.0010403023
20171109-071031-1.jpg,5,5,0.00010596261,0.00012664826,0.00014762038,3.1268696e-05,4.3199456e-05,0.99725408,0.00014894518,2.2281801e-05,0.0021199948
20171109-071111-1.jpg,5,5,0.00015115161,9.4727441e-05,0.00017792947,0.00014039768,0.00027667411,0.99704982,0.00074630515,0.00021240946,0.001150583
20171109-071352-1.jpg,5,5,0.00015409172,6.2104209e-05,0.00019347324,8.1536609e-05,8.4015148e-05,0.99618222,0.00035710505,5.7220231e-05,0.0028282365
20171109-071422-3.jpg,5,5,0.0010553639,0.001064238,0.00072032189,0.0029782308,0.00034208855,0.98084032,0.001208795,0.0083679847,0.0034226582
20171109-071437-1.jpg,5,5,0.0043638457,0.049531679,0.0016781218,0.000265102,5.0098859e-05,0.90247825,0.00076732426,0.00075696582,0.04010861
20171109-071525-3.jpg,5,5,6.0668176e-05,1.9778679e-05,0.00015986922,0.00010532339,9.7376464e-05,0.99901945,0.00034479706,6.0499831e-05,0.0001322407
20171109-071722-1.jpg,5,5,0.0005393774,0.00021832108,0.00018313402,0.00025113202,0.00073611931,0.97916521,0.0070230601,0.0010393929,0.010844257
20171109-071918-3.jpg,5,5,0.00019620303,3.9217378e-05,0.00013483012,0.00035677122,0.00010244485,0.99772532,0.00069999578,0.00016850112,0.00057671365
20171109-071938-3.jpg,5,5,0.00013250241,5.8335569e-05,0.00021430788,0.00024715314,0.00014307724,0.99842925,0.00015452726,0.00023379274,0.00038705632
20171109-072120-3.jpg,5,5,0.0017278132,0.0033482328,0.0004824539,0.0011717651,0.00041971321,0.94945777,8.1237835e-05,0.0054826478,0.037828365
20171109-072202-1.jpg,5,5,0.00081629515,0.0001778795,0.0004083974,0.00031340593,0.00052198921,0.97984055,0.0096064071,0.0022711164,0.0060439556
20171109-072302-3.jpg,5,5,0.00053228503,6.9324061e-05,0.0011734466,0.00033205029,0.00058564862,0.99608305,0.00045221684,0.00014759367,0.00062438738
20171109-072524-1.jpg,5,5,0.0027197495,0.00074037719,0.0010207977,0.0024862121,0.0009398998,0.78155736,0.010987734,0.0073871417,0.19216073
20171109-072633-3.jpg,5,5,0.00069894619,0.00015696267,0.00065384439,0.00073851041,0.00062609748,0.99139527,0.0031711573,0.00026819843,0.0022910129
20171109-072843-3.jpg,5,5,0.00023011732,0.00013452165,0.00055661989,0.00012280513,0.00056262493,0.99637136,0.00043656078,0.00052412762,0.0010612631
20171109-073102-3.jpg,5,5,0.001504517,0.00010265897,0.00011450749,7.1382154e-05,0.00012664416,0.99734093,0.0003149429,0.00010673407,0.00031768423
20171109-073214-3.jpg,5,5,0.0026111729,0.0009925274,0.00080021103,0.0044994881,0.00061595035,0.93329444,0.0012951561,0.0012664308,0.05462462
20171109-073346-3.jpg,5,5,0.0012636891,0.00024028061,0.00081561586,0.0018360515,0.00030604161,0.70080903,0.0040802847,0.00024657166,0.29040243
20171109-073510-1.jpg,5,5,0.00014344019,0.0016068237,0.00011679898,3.8631467e-05,4.2709833e-05,0.99087045,0.0013605357,0.00057853321,0.0052420774
20171109-073626-1.jpg,5,5,0.00026532802,0.00016995127,0.00012788195,0.00014535846,7.510062e-05,0.9848267,0.0018605237,0.00014820132,0.01238095
20171109-073645-1.jpg,5,5,6.4313623e-05,3.3327522e-05,4.8036657e-05,4.2617593e-05,5.7543867e-05,0.99817137,0.00068355847,2.5201667e-05,0.00087403309
20171109-073837-1.jpg,5,5,0.0016243693,0.00065193339,0.00013241992,0.00011480793,8.328327e-05,0.99625413,0.00018897032,0.000379626,0.00057045807
20171109-073850-1.jpg,5,5,0.0001793853,0.00043375191,0.00013183719,0.00012804848,9.3823196e-05,0.98162752,0.0011311879,0.00033272855,0.015941719
20171109-074018-1.jpg,5,5,0.00049551492,0.00050127226,0.00017801074,0.00054567025,0.00030246719,0.98225783,0.00087957235,0.00094799522,0.013891666
20171109-074032-1.jpg,5,5,0.0025733158,0.00016741452,0.00035631835,8.9351488e-05,0.00033047631,0.9673371,0.00033834581,0.00036204183,0.028445633
20171109-074113-3.jpg,5,8,0.0082593589,0.002103145,0.00059865532,0.0017250553,0.00094682556,0.37651109,0.00021400166,0.02115933,0.58848254
20171109-074128-1.jpg,5,5,0.0020866512,0.000403725,0.00067151921,0.0011389336,0.00092925757,0.7877112,0.0054143487,0.00091072397,0.20073364
20171109-074141-3.jpg,5,5,0.0011944148,0.00032436418,0.00018201256,0.00047932444,0.00077643972,0.96387541,0.00048532972,0.029788333,0.002894367
20171109-074145-1.jpg,5,8,0.0060930315,0.0011432066,0.0041426851,0.017779308,0.0076953298,0.44654053,0.017872509,0.022371812,0.47636159
20171109-074227-3.jpg,5,5,4.3207646e-05,2.8827648e-05,7.5465584e-05,3.3894144e-05,6.1580656e-05,0.99868678,0.00021719694,5.0313357e-05,0.00080273134
20171109-074242-1.jpg,5,5,0.00012414661,2.0555287e-05,9.2861582e-05,0.00012567893,6.177943e-05,0.99913428,0.00018386576,0.00011151278,0.00014531911
20171109-074327-1.jpg,5,5,0.00015219481,2.6624033e-05,0.0001210544,0.00023744574,5.1754643e-05,0.99851701,0.00018951934,0.00043806832,0.00026633299
20171109-074344-3.jpg,5,5,0.00069276662,0.00010205764,0.00061757323,0.00026985025,0.00010314929,0.96274463,0.00013946722,8.3279722e-05,0.035247221
20171109-074418-1.jpg,5,5,0.00010936713,7.2366805e-05,0.00013966887,0.00027347964,0.00011279039,0.99729405,0.0014897767,0.00021066909,0.00029782851
20171109-074508-3.jpg,5,5,0.0004130903,0.00010847331,9.8545526e-05,7.8114322e-05,5.1488737e-05,0.98085742,7.9852401e-05,0.00046434962,0.017848666
20171109-074748-1.jpg,5,5,0.0025745627,0.00037156294,0.0005882359,0.0020339245,0.00025086037,0.84720266,0.0013597547,0.00068717847,0.14493126
20171109-074847-1.jpg,5,5,0.0031155403,0.0001769541,0.00032342357,0.00018338495,0.00027420752,0.96841317,0.00042912309,0.00057811247,0.026506083
20171109-074907-1.jpg,5,5,0.00067893547,5.6641212e-05,0.0001383796,0.0001131104,4.8254509e-05,0.99300717,0.00028112748,0.00016206768,0.0055143096
20171109-075129-3.jpg,5,5,4.209224e-05,4.2908005e-05,0.00015147693,0.0001413308,0.00012091568,0.99846145,0.00058484435,4.9462436e-05,0.00040552368
20171109-084909-3.jpg,5,5,3.4414058e-05,4.9406722e-05,0.00014005128,0.00014612666,0.00015097665,0.99403182,0.001606355,9.6626444e-05,0.0037442198
20171109-085426-2.jpg,5,5,0.0015503858,0.00018683473,0.00042073761,0.00022755698,0.00013933993,0.97423856,0.00022951303,0.00050781263,0.022499264
20171109-085448-2.jpg,5,8,0.0018905785,0.0054715465,0.00011403793,0.00060183702,2.5317792e-05,0.059966881,0.0010567098,0.0002837643,0.93058933
20171109-085510-2.jpg,5,5,0.00027073066,0.00036300693,0.00018809267,0.000347208,4.0799599e-05,0.98441787,0.00025882035,0.00010263486,0.014010841
20171109-090052-3.jpg,5,5,0.00012986814,3.5476674e-05,0.00011378454,4.2267209e-05,2.5285141e-05,0.99362124,8.8094298e-05,4.5650708e-05,0.0058983302
20171109-090125-3.jpg,5,5,6.7815832e-05,9.3274293e-05,0.00022230757,8.179898e-05,0.00015204284,0.99695369,0.0005776249,7.2093099e-05,0.0017793565
20171109-090219-3.jpg,5,5,3.3147359e-05,3.7740019e-05,6.7589857e-05,7.3788053e-05,4.6011959e-05,0.9991451,0.00015029449,9.3791723e-06,0.00043695096
20171109-090236-1.jpg,5,5,0.00051738691,0.00088413722,0.00042250154,0.00013135016,3.9615491e-05,0.97744451,0.0006092052,0.00010391498,0.01984738
20171109-090246-3.jpg,5,5,5.9991005e-05,3.0528085e-05,5.3147977e-05,5.6381261e-05,2.9830098e-05,0.99931608,8.9250735e-05,2.4120033e-05,0.00034067086
20171109-090301-3.jpg,5,5,0.00011713474,2.5443385e-05,5.0773615e-05,3.4163249e-05,3.5007435e-05,0.9968819,0.00010571798,1.4433457e-05,0.0027354221
20171109-090324-3.jpg,5,5,6.4236669e-05,2.8827969e-05,7.0349522e-05,6.0782122e-05,3.77822e-05,0.99926062,0.00020690205,2.2355656e-05,0.00024814351
20171109-090325-2.jpg,5,5,0.00016207753,0.00019406993,0.00011223732,2.8366417e-05,1.6391856e-05,0.9953342,0.00024722843,4.5732145e-05,0.0038596942
20171109-090406-2.jpg,5,5,0.00011986291,0.00025901054,8.4617256e-05,3.014391e-05,2.4756717e-05,0.98773217,0.0021950627,0.00027452889,0.0092798462
20171109-090439-2.jpg,5,5,0.0047672905,0.018283824,0.00086636149,0.00011176364,0.0001475084,0.68746494,0.19707511,0.00054451489,0.09073868
20171109-090520-3.jpg,5,5,0.00020061811,4.9426106e-05,4.319801e-05,3.2038014e-05,3.2637443e-05,0.9989239,4.6083186e-05,5.3059949e-05,0.00061903538
20171109-090611-1.jpg,5,5,0.00013142814,0.00011077372,8.0357039e-05,0.0001999722,3.7933768e-05,0.99711858,0.00022737867,0.00010170941,0.0019918649
20171109-090615-2.jpg,5,5,0.00011352161,0.00013843781,0.00010074991,4.7646683e-05,7.074292e-05,0.99573314,0.0016387031,0.00015012027,0.0020069355
20171109-090659-1.jpg,5,5,0.00352753,0.00031024865,0.00025175069,0.00028110193,5.3089757e-05,0.96881533,0.00017670465,0.00036264058,0.026221601
20171109-090726-3.jpg,5,5,0.0001096853,2.6182933e-05,5.0038704e-05,6.6794901e-05,5.0301989e-05,0.999216,7.3087382e-05,8.2651069e-05,0.00032525826
20171109-090738-2.jpg,5,5,6.2045072e-05,0.00021875301,7.755908e-05,2.6120935e-05,3.015045e-05,0.99661928,0.0011365913,9.9796483e-05,0.0017297025
20171109-090748-2.jpg,5,5,4.8139893e-05,0.0001744272,5.6887147e-05,2.4132409e-05,1.2791422e-05,0.99888828,0.00030432546,5.5725408e-05,0.00043528607
20171109-090843-3.jpg,5,5,0.00020889547,0.00074484244,0.00043719888,0.00032535891,0.00028936262,0.9662448,0.0010786954,7.3151732e-05,0.030597691
20171109-090954-1.jpg,5,5,9.9203037e-05,0.00025383396,0.00021321777,8.885974e-05,5.429389e-05,0.99480791,0.00087443322,0.00010016958,0.0035080789
20171109-091025-3.jpg,5,5,5.8732781e-05,0.00022882172,0.0001634707,6.9049631e-05,0.00011603232,0.99258017,0.0013440485,2.6124558e-05,0.0054135476
20171109-091053-1.jpg,5,5,6.8691588e-05,6.9947056e-05,7.964537e-05,5.9989907e-05,2.245637e-05,0.99692482,0.00063710456,3.1143383e-05,0.0021062044
20171109-091124-2.jpg,5,5,6.5478482e-05,0.0006130403,0.00012377506,5.1924364e-05,2.8440741e-05,0.98746557,0.0011387792,3.1058874e-05,0.010481934
20171109-091143-2.jpg,5,6,0.0012166224,0.0037664871,0.00035187616,0.00033414513,9.9614335e-05,0.03873113,0.47992446,0.0005333326,0.47504233
20171109-091219-3.jpg,5,5,0.00012793293,9.7382711e-05,0.00030080875,0.00014762243,5.4713636e-05,0.99171383,0.00024535232,6.8875215e-05,0.0072434864
20171109-091445-1.jpg,5,5,8.0362738e-05,9.721132e-05,0.0001436359,5.3571885e-05,2.1966686e-05,0.99596846,0.00057627185,0.00012122971,0.0029372905
20171109-091605-3.jpg,5,5,0.00011120421,2.7337343e-05,9.2263242e-05,9.616906e-05,3.0763532e-05,0.9990957,5.8321978e-05,2.5274594e-05,0.00046296294
20171109-091615-1.jpg,5,5,0.00066283743,0.00017974986,0.0003950151,0.00020586063,0.00013612753,0.98204161,0.00025879792,0.00018293903,0.015937059
20171109-091743-3.jpg,5,5,0.00012255141,3.1604512e-05,9.551416e-05,0.00022961619,0.00014955802,0.99866594,0.00015576122,9.4332798e-05,0.00045512419
20171109-091828-2.jpg,5,5,0.18339482,0.028500931,0.00099331004,0.00029556447,0.00033685155,0.70987888,0.00061405457,0.0027083866,0.073277211
20171109-091913-2.jpg,5,8,0.052183709,0.06205874,0.00096758143,8.870272e-05,0.00029703904,0.2158865,0.0096844071,0.00076711474,0.6580662
20171109-091937-2.jpg,5,5,0.0088830699,0.29337639,0.00055687573,0.00019225148,0.00010160293,0.67009424,0.0028818269,0.005625026,0.018288711
20171109-092225-1.jpg,5,5,0.00039110164,8.1464862e-05,6.293151e-05,0.00017792923,0.00018051587,0.99767061,6.8983118e-05,0.00015907285,0.0012073871
20171109-092340-2.jpg,5,5,5.3635998e-05,0.00047337349,8.0807055e-05,3.7201095e-05,4.7911565e-05,0.99556417,0.00081955033,3.2742628e-05,0.0028906114
20171109-092540-1.jpg,5,5,0.00015930811,0.00015263492,5.3498527e-05,1.9732106e-05,2.2858726e-05,0.99853694,0.00036226131,6.3470287e-05,0.00062929425
20171109-092615-1.jpg,5,5,5.3822833e-05,6.5344442e-05,5.363206e-05,3.9416773e-05,4.3649847e-05,0.99906623,0.00022472521,3.7112498e-05,0.00041606758
20171109-092818-1.jpg,5,5,7.1062e-05,1.8893436e-05,0.00010447258,5.1267274e-05,5.3578972e-05,0.99821926,7.7902714e-05,4.5655323e-05,0.0013579067
20171109-092910-2.jpg,5,5,0.0017587101,0.0013726246,0.00045118738,0.00078833797,0.00020013398,0.86375736,0.00016841437,0.00025535263,0.13124788
20171109-093041-2.jpg,5,5,0.00094781572,0.010259778,0.00016720229,0.0029664347,0.00028491377,0.79306583,0.050488187,0.00075168747,0.14106815
20171109-093128-1.jpg,5,5,0.00026919264,2.2035074e-05,4.2210185e-05,8.266815e-05,8.0575895e-05,0.99753692,6.1787122e-05,5.1692831e-05,0.0018529157
20171109-093142-2.jpg,5,5,0.00012919623,0.00011142563,0.00014608524,4.4421979e-05,4.0063546e-05,0.9759764,0.0005097293,7.4362316e-05,0.022968314
20171109-093159-1.jpg,5,5,0.00010622529,1.9598246e-05,2.7926283e-05,8.6475243e-05,4.8257469e-05,0.99914561,6.293057e-05,2.3515116e-05,0.00047946247
20171109-093500-1.jpg,5,8,0.0030449342,0.0002238304,0.00028562118,0.0010074852,0.00079506308,0.16191729,0.00053773471,0.0031341686,0.82905387
20171109-093513-1.jpg,5,8,0.020004926,0.00036772455,0.00072594956,0.0026393453,0.0018354747,0.29782661,0.0020204901,0.0049349162,0.66964456
20171109-093524-1.jpg,5,5,0.00055177697,0.00011220107,0.00014047828,0.00012175763,8.2062164e-05,0.97959969,0.00034269715,0.000223719,0.018825615
20171109-093528-3.jpg,5,5,0.00018573575,9.4436227e-05,8.3300001e-05,6.9549534e-05,6.5572244e-05,0.99765421,7.5798751e-05,5.5007952e-05,0.0017163909
20171109-093608-1.jpg,5,5,0.00014572589,3.272329e-05,8.2662192e-05,6.48111e-05,8.9674321e-05,0.9988365,0.0001278983,6.4124186e-05,0.000555877
20171109-093826-3.jpg,5,5,0.00028668079,0.00018664649,0.00029285939,0.00019152114,0.00014161928,0.99286598,0.00018281983,5.4337448e-05,0.0057975313
20171109-094123-2.jpg,5,5,0.0012313828,0.00082667567,0.00061929039,0.00013421156,0.00023009695,0.96433477,0.00072366581,0.00074099158,0.031158916
20171109-094157-2.jpg,5,5,0.00043362431,0.00033286895,0.00030446271,4.0288593e-05,7.4871848e-05,0.99407317,0.00097655891,0.00012238751,0.0036417667
20171109-094401-3.jpg,5,5,0.00020883329,6.7841782e-05,0.00025106222,0.00012538,0.00061562066,0.99679688,0.001028964,0.00067470107,0.00023071253
20171109-094446-3.jpg,5,5,0.00045197684,6.9615991e-05,7.2817275e-05,2.9555983e-05,0.00012309255,0.99850362,8.1022609e-05,0.00033664368,0.00033165628
20171109-095202-3.jpg,5,5,0.0026125298,0.0004942365,0.0027539892,0.002972855,0.00064136574,0.97905301,0.00077956779,0.004811821,0.0058806211
20171109-095352-3.jpg,5,5,0.002117199,0.010797274,0.0041920313,0.044559681,0.00094179026,0.46369292,0.004330481,0.037893742,0.43147488
20171109-095501-3.jpg,5,5,0.00010819199,5.1124037e-05,0.00012991977,0.00023546733,8.8438977e-05,0.99814589,0.00027960117,0.00029510062,0.00066627005
20171109-095540-3.jpg,5,5,0.00046330723,0.0016921484,0.0003185123,0.0041153456,8.1019133e-05,0.96113312,0.0035492324,0.00031827812,0.028329039
20171109-095650-2.jpg,5,5,0.0047420573,0.00045155865,0.00042604919,0.0010684326,0.00077506518,0.90337025,0.00015803685,0.0020909079,0.086917642
20171109-095805-3.jpg,5,5,0.0018257251,0.00033964678,0.0008046734,0.00028939229,0.00018432322,0.99550701,0.00010084441,0.00024900489,0.00069937673
20171109-194258-1.jpg,5,5,0.00015872382,6.49205e-05,5.902743e-05,3.8475596e-05,5.6696531e-05,0.99732505,0.00014746316,0.00022187211,0.0019277666
20171109-194817-1.jpg,5,5,7.4375041e-05,0.0001320867,0.00010879572,6.286861e-05,0.0001440973,0.99687212,0.0016112433,0.00024901773,0.00074539973
20171109-194934-1.jpg,5,5,0.0012797973,0.001698905,9.5229441e-05,0.000138492,7.5691562e-05,0.99304937,0.00034957314,0.000214736,0.0030982018
20171113-060420-1.jpg,5,5,0.00029851467,3.6912403e-05,0.00014278178,0.00016359253,6.0350735e-05,0.99628558,3.5432952e-05,8.4225964e-05,0.0028926105
20171113-060523-1.jpg,5,5,0.00035769844,0.0002591386,0.00035535777,0.00011820388,0.00042830883,0.99238813,0.0002349077,0.00010154307,0.0057567111
20171113-060628-1.jpg,6,6,0.00030276095,0.00010541267,1.2032155e-05,8.1240255e-06,0.00010772777,5.3626913e-05,0.99824139,0.00047859177,0.00069033402
20171113-060629-1.jpg,5,8,0.0035025317,0.00028469247,0.00044453666,0.0031912539,0.00040346359,0.15860551,0.00010492198,0.00084275946,0.83262033
20171113-060924-1.jpg,6,6,0.00029204035,0.00085790624,8.6644686e-05,0.00020187796,0.00011161322,9.9823523e-05,0.99811329,2.0885011e-05,0.00021592029
20171113-061052-1.jpg,6,6,0.00017657397,0.00056956477,2.1424343e-05,1.735133e-05,9.0787942e-06,0.00020836233,0.99888535,6.2050355e-05,5.0245476e-05
20171113-061120-1.jpg,6,6,0.00077508088,7.21554e-05,0.00031617695,0.00034606209,0.0015552253,0.019910656,0.95703713,0.0066733582,0.013314152
20171113-061251-1.jpg,6,6,0.00057342297,0.0014741922,4.7449046e-05,3.8708634e-05,0.00015466616,0.0012563532,0.98699511,0.0028929582,0.0065671421
20171113-091334-3.jpg,5,5,0.0039183409,0.00037364161,0.00036729255,0.00017513926,0.00018128549,0.92628473,0.00023807894,0.0011942867,0.067267203
20171113-091531-3.jpg,5,5,0.0020674125,0.042063202,0.00063259735,0.00024635801,0.00029013431,0.49602063,0.0093513166,0.00024820132,0.44908015
20171113-091915-1.jpg,5,5,0.011386929,0.0099285324,0.0026235055,0.0021159537,0.0012375774,0.83465136,9.3897645e-05,0.0094659748,0.12849627
20171113-091929-3.jpg,5,5,0.0084474345,0.00086239932,0.0017851595,0.00065902014,0.00091537715,0.96251766,0.0011024327,0.019314663,0.0043958494
20171113-092117-3.jpg,5,5,0.00038601538,0.00015658154,0.00014064967,0.00027510075,0.00011573364,0.99728057,0.00022208959,0.00075714038,0.000666119
20171113-092207-1.jpg,5,5,0.013925418,0.0010220702,0.0013341505,0.0040439589,0.0021493984,0.71112445,0.0019336351,0.0023762391,0.26209068
20171113-092423-3.jpg,5,5,0.0002467805,0.00014781027,9.8272986e-05,0.00017033839,6.5770003e-05,0.99837444,4.2939262e-05,0.00025085843,0.0006027879
20171113-092453-3.jpg,5,5,0.0012611528,0.00030641891,0.004673751,0.0013264329,0.0013963622,0.98395105,0.0023655715,0.0018648364,0.0028544278
20171113-092514-3.jpg,5,5,0.00078192397,0.00020666383,0.00089755604,0.0007134769,0.00017476174,0.99360152,0.001047874,0.0014547072,0.0011215161
20171113-092534-3.jpg,5,5,0.00016232589,0.00019385661,0.00066428899,0.0013486049,0.00040193976,0.96771165,0.00060262498,0.0004028658,0.028511843
20171113-092650-1.jpg,5,5,0.00061539459,0.00017734372,0.00069809247,0.00023043504,0.00049647927,0.99338283,0.0022359916,0.00074802268,0.0014154074
20171113-092943-1.jpg,5,5,0.00050878882,0.00046151503,0.00014867184,4.5571722e-05,0.00015704753,0.99703287,0.00054354448,0.00069850397,0.00040348402
20171113-093142-1.jpg,5,5,0.00085809489,0.00098193935,0.00013595863,0.00040165925,4.4030045e-05,0.98444778,0.00035172157,0.001098695,0.011680125
20171113-093226-1.jpg,5,5,0.0010288269,0.00022143951,0.00040929491,0.0012277882,0.00060010939,0.98738576,0.0029949425,0.00071283509,0.0054190066
20171113-093349-3.jpg,5,5,0.016549372,0.00050819301,0.00036234064,0.00053884503,0.00078760239,0.95798432,0.0020386259,0.0076528922,0.013577809
20171113-093432-1.jpg,5,0,0.35737886,0.0070403403,0.0015085772,0.0083812784,0.030040138,0.27803598,0.007527141,0.22014006,0.089947615
20171113-093500-1.jpg,5,5,0.029072011,0.12266906,0.0029642768,0.0032140323,0.00094265855,0.56505205,0.00095061401,0.012377728,0.26275757
20171113-093641-3.jpg,5,7,0.014830657,0.0017821313,7.7631073e-05,0.00029051973,8.0043957e-05,0.00087588662,0.00038957116,0.98109638,0.00057717863
20171113-093918-3.jpg,5,5,0.0064351843,0.00042765867,0.00066385879,0.001813743,0.00098014673,0.96331252,0.01368022,0.0093082068,0.0033784637
20171113-094013-3.jpg,5,5,0.0011049238,0.00014528608,0.0002186415,0.00096573393,0.00012112182,0.99585414,0.00011633076,0.0013998169,7.4003751e-05
20171113-094324-3.jpg,5,5,0.044070969,0.019416346,0.0012768568,0.00024560285,0.00056833206,0.90780586,0.0024814253,0.0085779677,0.015556636
20171113-094444-3.jpg,5,8,0.0079777516,0.0030680594,0.00023062113,0.00026921423,0.00011450708,0.10897007,0.00021235112,0.0026593356,0.87649809
20171113-095351-3.jpg,5,5,0.010004684,0.0050546436,0.00045057468,0.00049847465,0.00024735648,0.93928103,0.0012352231,0.001057427,0.042170586
20171113-095542-3.jpg,5,5,0.016894915,0.00052199014,6.4136538e-05,0.00025550975,0.00041317809,0.96477411,0.0013709726,0.0012318997,0.014473292
20171113-095558-1.jpg,5,5,0.014151153,0.0017072338,0.11091897,0.0015858834,0.0078996573,0.84373351,0.00093089312,0.0016518865,0.017420807
20171113-095617-1.jpg,5,5,0.049634386,0.0063146905,0.0023681608,0.0066833199,0.0019484836,0.65198971,0.0042756461,0.11981044,0.15697516
20171113-100359-3.jpg,5,5,0.0001348305,0.00011561847,0.00016434297,2.5630808e-05,0.00010010412,0.99876612,0.00017154671,0.00015924633,0.00036256139
20171113-100431-3.jpg,5,5,0.00065463485,8.9615008e-05,0.0001493314,0.00019719935,0.00030123652,0.99210589,0.00010445443,0.00040053831,0.0059971016
20171113-101034-1.jpg,5,5,0.00098861736,0.00051856525,0.00024699355,0.00075551732,0.00013474733,0.9784736,0.00032731102,0.00023789001,0.018316763
20171113-101111-1.jpg,5,5,4.7738669e-05,9.4699057e-05,0.00011243902,7.0323086e-05,4.9621091e-05,0.98715377,0.00052775676,3.3604302e-05,0.01191005
20171113-101236-3.jpg,5,5,9.0331528e-05,4.7986209e-05,9.3649619e-05,3.4921284e-05,0.00013503525,0.9912785,0.00050835328,0.0001491121,0.0076621099
20171113-101410-3.jpg,5,5,0.0011202297,7.3137231e-05,0.0001056928,2.0607239e-05,6.1207594e-05,0.99707107,0.00067777228,0.0001239631,0.00074631921
20171113-101436-1.jpg,5,5,0.00042894629,0.00018405711,0.00027125626,0.00031485226,5.386318e-05,0.90964729,0.00013081932,0.00020580232,0.088763115
20171113-101506-1.jpg,5,8,0.066719702,0.016656886,0.00240995,0.00029853757,0.00039708351,0.035816921,0.0027979444,0.0021937185,0.87270926
20171113-101809-1.jpg,5,8,0.0060484736,0.00045581176,0.0029588606,0.0005240186,0.00027662605,0.12876311,0.00051306606,0.0018730306,0.858587
20171113-101830-0.jpg,6,6,0.0060924312,0.0014558913,0.0002238646,0.00060849666,0.00029751176,0.00011868749,0.99018489,0.00016956139,0.00084866611
20171113-102043-1.jpg,5,5,0.011415486,0.013902958,0.0018547102,0.0022758955,0.0011855091,0.75630964,0.040369027,0.0062689683,0.1664178
20171113-102459-1.jpg,5,5,4.4925842e-05,3.1849624e-05,0.0001087135,6.2377251e-05,4.8586492e-05,0.99854299,0.00036563615,4.0310199e-05,0.00075460601
20171113-103235-0.jpg,6,6,1.9598029e-05,4.6306313e-05,1.8685016e-05,1.9093302e-05,2.1387664e-05,5.7634647e-05,0.99960192,2.8342176e-05,0.00018702929
20171113-104328-0.jpg,6,6,0.00033496417,0.0010000189,0.00013318021,3.2588395e-05,0.00018238113,9.38928e-05,0.99252673,5.1397293e-05,0.0056448431
20171113-104451-0.jpg,6,6,3.6297359e-05,2.8657832e-05,2.5369271e-05,2.8830719e-05,3.4708832e-05,2.0586785e-05,0.99953879,0.00019438254,9.237379e-05
20171113-104614-0.jpg,6,6,0.0081699339,0.0017702414,0.0004431998,0.00044994444,0.00026436368,0.00010227553,0.98386024,0.00013137139,0.004808425
20171113-105749-0.jpg,6,6,9.4416662e-05,0.00056794128,2.6562665e-05,8.2546568e-06,3.9119706e-05,5.1661778e-05,0.99914191,1.1485102e-05,5.8650498e-05
20171113-112836-0.jpg,6,6,0.00013690131,0.00014333606,0.00015652443,9.7692245e-05,0.00017625979,4.3041515e-05,0.99822566,4.4674589e-05,0.0009759082
20171113-115052-0.jpg,6,6,0.00048776069,0.00065859468,0.00011084125,0.00067983616,6.7546437e-05,4.3585392e-05,0.99648853,4.885416e-05,0.0014144507
20171113-115125-1.jpg,6,6,8.0888227e-05,0.00015780709,7.2084897e-05,2.7672242e-05,5.4152155e-05,0.00044814312,0.96080295,0.00079496633,0.037561334
20171113-115453-1.jpg,6,6,0.00039775718,0.003827267,0.00012623062,0.00030702569,0.00037144028,0.0052721742,0.97205213,0.00049102362,0.01715495
20171113-115508-1.jpg,6,6,0.018272502,0.011044633,0.00097318313,0.005320226,0.0022750238,0.05860937,0.74896045,0.058316686,0.09622793
20171113-115910-0.jpg,6,6,0.00036835109,3.5913788e-05,0.00012683605,0.0061796874,0.00049460725,9.3425489e-05,0.98855895,9.4208461e-05,0.0040480244
20171113-115913-1.jpg,6,6,0.00019255347,0.00079139117,4.6431348e-05,4.8102852e-05,0.00027217229,0.0010431077,0.89613174,0.00029454844,0.10117995
20171113-120122-3.jpg,6,6,0.00020893108,0.00031422059,0.00047230754,0.00014472403,0.0001318047,0.00064493008,0.95792406,0.0082558223,0.031903204
20171113-120355-1.jpg,6,6,0.00012516072,0.00027674107,7.4183812e-05,4.7003331e-05,0.00018991066,0.0029552359,0.98642668,5.4332775e-05,0.0098507523
20171113-120549-1.jpg,6,6,0.0015262212,0.0039274195,0.00012977162,1.3587222e-05,7.030426e-05,0.00056323689,0.99320532,0.000227415,0.00033672795
20171113-120603-2.jpg,6,6,2.8799123e-05,0.0011621062,0.00037864148,0.00016783706,3.8769797e-05,0.0012129686,0.97085737,0.0011768458,0.02497666
20171113-120908-2.jpg,6,6,0.00030929209,0.001702489,0.00024779065,0.00024756672,0.00012180516,0.0017079192,0.94898537,0.0024057367,0.044272028
20171113-120954-1.jpg,6,6,0.00010422682,0.00010506268,3.1136494e-05,4.6575836e-05,0.00012738781,0.00033612287,0.99257451,2.8885274e-05,0.0066460907
20171113-121512-2.jpg,6,6,3.6495111e-05,8.0663964e-05,6.0507099e-05,8.7008579e-05,0.00033800899,0.0007416587,0.98674767,0.00014374978,0.011764237
20171113-122213-0.jpg,6,8,0.0022693754,0.0030045032,0.0002929478,0.0072473872,0.00047359522,0.00035176914,0.22705344,0.0011250233,0.75818196
20171113-122323-0.jpg,6,6,0.00016658511,0.00024962261,7.2146784e-05,0.00018463195,5.5908026e-05,4.7511893e-05,0.99874017,2.3804362e-05,0.00045962178
20171113-122412-1.jpg,6,6,4.622303e-05,0.00035805138,3.4063941e-05,8.5403859e-06,3.146914e-05,0.00044637003,0.99647475,0.00039889967,0.00220163
20171113-122417-3.jpg,6,6,0.00045492583,0.00014280981,4.5334701e-05,8.7263664e-05,0.00024808779,0.0003717926,0.99336554,0.00061264341,0.004671602
20171113-123106-1.jpg,6,6,9.1366129e-05,6.8302204e-05,3.9424536e-05,7.0150653e-05,0.00032023378,0.00073649092,0.98281655,7.7140986e-05,0.015780345
20171113-123524-3.jpg,6,6,0.0014580931,0.0083041523,0.00021890338,0.0008544255,0.00096027918,0.0033820853,0.92715781,0.0029032894,0.054760965
20171113-123604-1.jpg,6,6,1.7665475e-05,3.3047572e-05,1.1133981e-05,9.1294477e-06,2.5257409e-05,5.8861854e-05,0.99944695,3.6307702e-05,0.0003616448
20171113-123619-3.jpg,6,6,8.3893295e-05,0.00088882505,8.8224084e-05,4.7091601e-05,7.4628182e-05,0.00037020807,0.94446512,9.7275398e-05,0.053884734
20171113-123630-1.jpg,6,6,0.00049655698,0.0018980797,8.9986369e-05,0.00015736437,0.00027255349,0.0028613826,0.6590935,0.00076990812,0.33436067
20171113-123657-3.jpg,6,6,1.0754781e-05,0.00013719317,8.3078451e-06,1.4192e-05,2.250166e-05,9.1260456e-05,0.99861185,6.4825854e-05,0.0010391171
20171113-123728-3.jpg,6,6,1.840001e-05,0.0022196587,5.7084343e-05,2.8927293e-05,3.2053785e-05,0.00097119646,0.99149011,5.2953417e-05,0.0051296208
20171113-123806-1.jpg,6,6,0.0011108076,0.0061839456,0.00026846791,0.00010549186,0.0006266943,0.0030062147,0.92476054,0.0001917119,0.063746129
20171113-123809-3.jpg,6,6,2.524098e-05,0.00023927954,3.1113424e-05,2.9003343e-05,7.921525e-05,0.00552421,0.99206748,6.6402302e-05,0.001938053
20171113-123900-1.jpg,6,6,6.9617511e-05,0.00021355545,5.0034144e-05,0.00024481344,0.00012686073,0.0042711239,0.99309524,0.0013468517,0.00058190688
20171113-124206-1.jpg,6,6,8.1418658e-05,0.00014246556,4.2720483e-05,0.0001775942,0.00019661973,0.00077904724,0.99049228,5.6086294e-05,0.0080317634
20171113-124300-3.jpg,6,6,0.00087225668,0.00046418988,7.7620812e-05,4.640038e-05,7.5251215e-05,0.00044426849,0.98993494,0.0073357919,0.00074927596
20171113-124517-1.jpg,6,6,0.0017512561,0.00088201109,0.00022525855,0.00033049014,0.0013214552,0.00071688605,0.59160603,0.00049559948,0.40267101
20171113-130049-2.jpg,6,8,0.0041882905,0.0021830537,0.00091447199,0.0012205043,0.00012066991,0.00058351108,0.14254339,0.0042109637,0.84403514
20171113-130402-2.jpg,6,6,2.2039423e-05,0.00010296814,1.3438597e-05,5.311702e-06,1.2304678e-05,0.00021928115,0.99583543,0.00023607179,0.0035531517
20171113-130523-2.jpg,6,6,0.0015286028,0.086269188,0.00038508746,3.2050979e-05,0.00039900994,0.0025421634,0.90621983,0.00057777897,0.0020462915
20171113-130740-2.jpg,6,6,0.0022069625,0.0032596821,0.00018572593,4.9899349e-05,0.00027831761,0.01249769,0.97862895,0.0016745664,0.0012182094
20171113-130902-2.jpg,6,6,0.0013669699,0.078688457,0.00023190125,3.8427141e-05,0.0002366636,0.0030703832,0.87775367,0.032882883,0.0057306471
20171113-131008-1.jpg,6,6,0.00098569665,0.00025441008,2.8384016e-05,2.2766604e-05,0.00010122889,0.00013075874,0.99504706,0.00028211209,0.0031475871
20171113-131307-1.jpg,6,6,0.00037528484,0.0054925212,5.6640711e-05,4.7478736e-05,0.00019433181,0.00068252057,0.9833762,9.3177699e-05,0.0096818453
20171113-131321-2.jpg,6,6,4.1955295e-05,0.00055356428,3.4034187e-05,0.00012598994,4.6422707e-05,0.00039002409,0.98434176,0.008317018,0.0061492311
20171113-131545-2.jpg,6,8,0.0023170926,0.09557007,0.0011128372,0.00042957927,0.00062170894,0.0072070455,0.24376682,0.0021876244,0.64678722
20171113-131618-2.jpg,6,6,0.00022808844,0.00018034884,8.7525359e-05,8.5861075e-05,0.00021631073,0.00055873787,0.97012499,0.00014892398,0.028369217
20171113-131815-2.jpg,6,6,0.00042364111,0.0011827443,0.00021289462,4.7064203e-05,0.00015215611,0.00026478155,0.99439229,5.6733035e-05,0.0032676901
20171113-131857-3.jpg,6,6,0.00083678776,0.00045691464,0.00014694271,0.00045888758,0.00018133315,0.00025944553,0.97617426,0.0023700636,0.019115363
20171113-131937-3.jpg,6,6,0.011626533,0.0048448866,0.00038318419,0.00053809259,0.00065848778,0.00056098612,0.82983939,0.067269718,0.084278717
20171113-131948-3.jpg,6,6,0.0025052717,0.00023599761,3.4821395e-05,0.00036883697,0.00012153986,9.5729221e-05,0.99137763,0.0010564209,0.0042037571
20171113-132048-2.jpg,6,6,0.00013308923,0.00010432121,3.5862964e-05,7.2231917e-05,7.782914e-05,0.00010379331,0.99896606,0.00020153303,0.00030527515
20171113-132138-1.jpg,6,6,0.0015324794,0.0039186758,0.00024214303,0.0008283329,0.00011563587,0.0017366619,0.97495859,0.011776203,0.0048912771
20171113-132323-3.jpg,6,6,0.00012995145,0.0009284273,3.9666978e-05,0.00013478146,7.222738e-05,0.00034616269,0.9775155,0.0033082479,0.017525031
20171113-132349-1.jpg,6,6,0.00037398281,0.00022840032,3.761611e-05,0.00048663256,0.00026158204,0.00044144638,0.99426936,0.00020839493,0.0036925873
20171113-132408-1.jpg,6,6,1.4755423e-05,0.00034508396,1.3004662e-05,6.1178329e-06,2.2708643e-05,0.00018003691,0.99916495,1.8816066e-05,0.00023452611
20171113-132548-3.jpg,6,6,0.0040609677,0.0038034686,0.00027210047,9.8478753e-05,0.00065636909,0.00085142244,0.71446041,0.0014179487,0.27437883
20171113-132556-1.jpg,6,6,0.0004905549,0.00015738567,5.8376782e-05,4.9051008e-05,4.0872835e-05,0.00024600294,0.99619064,0.0016405917,0.0011265261
20171113-132747-1.jpg,6,6,0.00099761524,0.0019272539,0.00010024391,5.7261722e-05,7.9365033e-05,0.00048664853,0.98981946,0.0052026886,0.001329465
20171113-132837-1.jpg,6,6,8.9676556e-05,0.00035101413,2.2093698e-05,0.00011276583,5.7861397e-05,0.00016706199,0.99845539,0.0004511853,0.00029295581
20171113-132921-3.jpg,6,6,0.0001651435,0.00030814983,0.00020133611,0.00025730971,0.00037123704,0.00016156752,0.94990787,0.0035296274,0.045097754
20171113-132956-0.jpg,6,6,0.00018598769,0.00094367897,0.00013912988,0.00028025973,0.0001119457,0.0003875488,0.99388675,0.00061597699,0.0034487179
20171113-133040-0.jpg,6,6,2.6970779e-05,0.00014619256,2.4246063e-05,4.0839489e-05,2.8654941e-05,7.1006211e-05,0.99870831,8.6286736e-05,0.00086749316
20171113-133044-3.jpg,6,6,0.00028270715,0.0007140401,0.00022776679,0.00015536169,0.00016404133,0.00059830636,0.95259007,0.0059887321,0.039278974
20171113-133259-3.jpg,6,6,0.00055041166,0.0061375407,0.001528584,0.00040206606,0.00035518263,0.0014591527,0.83441048,0.11374757,0.041409011
20171113-133354-1.jpg,6,7,0.0039441589,0.0002192689,0.0014143502,0.010042184,0.00090283017,0.0028443428,0.0099465363,0.94373545,0.026950882
20171113-133603-1.jpg,6,6,0.00045012405,4.5583846e-05,5.8136957e-05,0.00015014742,0.00010016932,0.00016222955,0.99688785,0.00030479055,0.0018409692
20171113-133646-3.jpg,6,6,0.00012410582,0.011530199,0.00019486437,3.5493901e-05,7.3135026e-05,0.00056946133,0.98214987,0.00014362493,0.0051792473
20171113-133859-3.jpg,6,6,2.4445547e-05,7.7907039e-05,1.0322629e-05,3.0206297e-05,2.2008031e-05,2.621232e-05,0.99977247,1.6460334e-05,1.9968143e-05
20171113-134220-1.jpg,6,8,0.0018988475,0.0020047267,0.00025182497,0.00076631103,0.0048635094,0.0006661014,0.34582788,0.0003706264,0.64335017
20171113-134314-1.jpg,6,6,0.0016792548,0.0071325947,8.0214469e-05,7.0099308e-05,0.00011003223,0.0034005813,0.98029983,0.00073665216,0.0064907427
20171113-134315-0.jpg,6,6,0.00072096842,0.0022236838,0.00018589705,0.00044243281,0.00013842887,0.0001568646,0.90673612,0.00067568738,0.088719919
20171113-134330-1.jpg,6,6,4.6125139e-05,0.00020172527,1.6163191e-05,1.3846454e-05,3.5165453e-05,0.00062432851,0.99776577,0.000160639,0.0011362326
20171113-134450-0.jpg,6,6,0.0010661875,0.0018670911,0.00014783823,0.00020081736,0.00019076434,8.1134931e-05,0.99408712,6.610371e-05,0.0022929431
20171113-134454-3.jpg,6,6,7.627708e-05,0.00059454245,5.4700652e-05,0.00020096085,0.00013960257,0.00019990692,0.97203505,0.0010706247,0.025628335
20171113-134618-3.jpg,6,6,4.9537475e-05,0.00015727753,3.164393e-05,2.9343673e-05,2.8581838e-05,6.2335026e-05,0.99540821,0.00037515533,0.0038579197
20171113-134654-1.jpg,6,6,0.00019365133,0.0008188006,3.3554866e-05,3.0639128e-05,0.00012099359,0.0029074069,0.98255313,6.6133488e-05,0.013275689
20171113-134655-3.jpg,6,6,1.9353291e-05,0.00053874229,0.00025846294,0.00041287718,8.7612562e-05,0.00041974736,0.9891316,0.0014100966,0.007721511
20171113-134706-3.jpg,6,6,0.0002185521,0.00068639241,0.00031955446,0.00078969236,0.00051721976,0.002005262,0.63776084,0.0015483278,0.35615416
20171113-134801-1.jpg,6,6,1.6365238e-05,1.6259665e-05,1.1583653e-05,3.8300491e-05,2.099763e-05,2.415497e-05,0.99976769,1.0839793e-05,9.3810094e-05
20171113-134828-1.jpg,6,6,7.4654204e-05,6.6237179e-05,3.5353984e-05,5.6418223e-05,6.1006921e-05,0.00050711039,0.99863407,1.8905171e-05,0.00054624764
20171113-134906-1.jpg,6,6,4.3191606e-05,2.9962637e-05,1.3908591e-05,3.6290007e-05,3.1562387e-05,6.2197033e-05,0.99761441,3.8108203e-05,0.0021303673
20171113-134928-3.jpg,6,6,7.6663018e-05,0.00010317608,4.8811359e-05,4.7648727e-05,6.1794863e-05,3.8186479e-05,0.99783124,9.9078535e-05,0.0016934059
20171113-135112-3.jpg,6,6,3.9787565e-05,0.00019093088,7.4342433e-05,5.4342193e-05,1.8088967e-05,4.5177947e-05,0.9968834,0.00058250435,0.0021114207
20171113-135125-3.jpg,6,6,2.7852945e-05,0.00036888391,2.8781384e-05,1.2207624e-05,1.6992824e-05,0.00017593154,0.99723031,0.0015395824,0.00059946145
20171113-135152-1.jpg,6,6,0.001107094,0.00013702689,0.00033295527,0.00031579509,0.0011523043,0.00098680109,0.96148972,0.000611736,0.033866566
20171113-135239-0.jpg,6,6,0.0066345739,0.00011824002,0.00056336145,0.0020954358,0.0010816233,0.00037531582,0.96312881,0.00037109787,0.025631542
20171113-135245-1.jpg,6,6,0.013059586,0.00094522769,0.00018689604,0.00020868255,0.00059716819,0.0003114242,0.97971615,0.00058258263,0.0043922849
20171113-135334-3.jpg,6,6,4.1509894e-05,9.2911383e-05,2.2964636e-05,1.2861902e-05,5.2700471e-05,0.00023753411,0.99336338,0.0031141774,0.0030619601
20171113-135346-3.jpg,6,6,9.59105e-05,0.00028275379,0.00019524017,8.1896459e-05,0.00011062198,0.00026039904,0.98878972,0.0038856962,0.0062977599
20171113-135507-3.jpg,6,6,0.00032958075,0.0011528297,0.00013360561,4.1443158e-05,0.00017264688,0.00061363275,0.8407736,0.0032359925,0.15354666
20171113-135658-1.jpg,6,6,0.00015102277,0.00061194587,4.4558732e-05,1.926456e-05,0.00013852501,0.001376497,0.9962791,0.00017772145,0.0012013665
20171113-135825-1.jpg,6,1,0.015709071,0.54469451,0.0014626367,9.4525148e-05,0.00022961545,0.030590414,0.19581084,0.0016164066,0.20979199
20171113-140049-0.jpg,6,6,0.0018446689,0.00060836413,0.00011232528,0.00036796115,8.4634498e-05,5.8477097e-05,0.9962136,0.0001219086,0.00058805811
20171113-140119-2.jpg,6,6,5.6833442e-05,2.3012717e-05,1.8317456e-05,2.2182243e-05,8.3290766e-05,0.00012186181,0.99907325,3.2111124e-05,0.00056914028
20171113-140134-2.jpg,6,6,0.00053114507,0.00022171094,0.0001496464,0.00018886677,0.00044098145,0.0040821646,0.97330494,0.0001875528,0.020892989
20171113-140302-2.jpg,6,6,0.00062474369,0.00047833897,5.404266e-05,1.0005399e-05,0.0001956155,0.00032913903,0.99757734,5.2015623e-05,0.00067875888
20171113-140645-2.jpg,6,6,0.00067310372,7.0918059e-05,4.8126586e-05,5.6828294e-05,0.00013534302,9.3282249e-05,0.99837936,5.0960257e-05,0.00049207389
20171113-141212-2.jpg,6,6,7.8762077e-06,3.2328715e-05,1.2678386e-05,1.6069443e-05,1.4983989e-05,2.5569503e-05,0.99948247,0.00013930813,0.0002687131
20171113-141305-2.jpg,6,6,0.0020547509,0.00046242375,0.00039023446,0.00034539477,0.00014303599,0.00058043092,0.98111384,0.00037547089,0.014534422
20171113-141411-2.jpg,6,6,0.00017110956,0.00048368797,0.00010474556,0.00016895727,0.00023164822,0.0010011517,0.96072351,0.0035765607,0.033538625
20171113-141437-2.jpg,6,6,0.00030016736,0.00010365901,2.9757552e-05,0.00060177069,0.00011873724,0.00019759848,0.99509842,7.1446222e-05,0.0034784406
20171113-141700-2.jpg,6,6,0.00016626584,6.6715873e-05,2.4099151e-05,3.5375335e-05,4.5693029e-05,4.6521457e-05,0.99874512,0.00027352479,0.00059668076
20171113-141831-2.jpg,6,6,2.6790981e-05,6.3189238e-05,3.5827433e-05,3.5061101e-05,5.0182238e-05,0.00025935946,0.99626079,0.0012109859,0.0020578164
20171113-142219-2.jpg,6,6,3.2042667e-05,0.00017491044,7.2855746e-05,4.4870804e-05,4.1168765e-05,0.00013475072,0.99579732,0.0027249951,0.00097708603
20171113-142527-2.jpg,6,6,0.00052855457,0.0087386497,0.00020561887,0.00019917381,7.618108e-05,0.00074457092,0.85538034,0.0013858443,0.13274107
20171113-142546-2.jpg,6,6,4.7024712e-05,0.00040117805,1.7505217e-05,8.5678242e-06,1.5460653e-05,0.00056364869,0.99229443,0.00037199818,0.0062801861
20171113-142659-3.jpg,6,6,3.2643773e-05,0.00027215422,3.7819987e-05,6.0954618e-05,3.8184626e-05,0.00016323199,0.98396696,0.00020629592,0.015221755
20171113-142713-2.jpg,6,6,0.001155531,0.00035781682,0.00024606145,0.0029202799,0.0015528715,0.012791728,0.93910557,5.9732468e-05,0.041810405
20171113-142815-2.jpg,6,6,9.7244716e-05,0.00092345692,6.1800279e-05,5.1226356e-06,2.5193144e-05,0.00026479286,0.99768265,3.7929567e-05,0.00090181028
20171113-142912-3.jpg,6,6,3.6684181e-05,1.6397927e-05,1.8376593e-05,3.8688463e-05,5.4532766e-05,1.5472429e-05,0.99970529,1.4314238e-05,0.00010024008
20171113-142959-2.jpg,6,6,0.00079370662,0.00033918372,0.00012871759,0.00019371445,0.00044779326,0.0012980161,0.97543082,0.00011415109,0.021253897
20171113-143038-3.jpg,6,6,0.00086765408,0.00044339134,0.00016593145,9.7668015e-05,0.0003382064,0.00060118657,0.90621427,0.0012502163,0.090021478
20171113-143224-3.jpg,6,6,0.0088182511,0.0016663157,0.00030375398,0.0041391597,0.0015681799,0.0025883755,0.53682499,0.011420403,0.43267057
20171113-143334-0.jpg,6,6,0.00070961292,0.0013611402,9.001628e-05,0.00051227473,0.00031334644,0.00043238864,0.91039052,0.0029451511,0.083245549
20171113-143513-2.jpg,6,6,0.00010207571,0.00017209531,3.4650509e-05,3.4843559e-05,7.0277998e-05,0.00014476236,0.99556274,2.2955103e-05,0.0038555954
20171113-143857-2.jpg,6,6,0.01928937,0.0015291253,0.00012281619,0.00044443489,0.00016723177,0.00021869078,0.95329397,0.0029070318,0.022027333
20171113-143903-3.jpg,6,6,0.00011699589,3.0250823e-05,2.9741471e-05,6.2045368e-05,0.00011395201,0.00028374559,0.99794408,0.00016763443,0.0012515555
20171113-144311-2.jpg,6,6,0.0002866295,2.3219588e-05,2.5950408e-05,0.0001726377,0.00018281548,5.5644526e-05,0.99816923,9.6117648e-05,0.0009877569
20171113-144333-3.jpg,6,6,0.0025947928,0.00018656096,0.00025933706,0.0026549927,0.00090004317,0.0011585688,0.77007685,0.015154786,0.20701407
20171113-144335-1.jpg,6,6,0.00013368045,9.5887551e-05,3.6258359e-05,7.7200866e-06,1.3282119e-05,0.00019552091,0.9992744,2.7086776e-05,0.00021616387
20171113-144443-3.jpg,6,6,0.00072917892,0.0038387807,5.0229064e-05,6.0319432e-05,0.0001081266,5.4155259e-05,0.99268612,0.00087928382,0.0015938033
20171113-144704-3.jpg,6,6,0.0089397298,0.41419984,0.00040928841,8.9263027e-05,0.00020048942,0.042623939,0.51803756,0.00080508377,0.014694804
20171113-144747-0.jpg,6,8,0.00035126955,0.00074801295,9.7263177e-05,0.00059568853,0.00064132031,0.00021284154,0.13816796,0.00052758313,0.85865806
20171113-144803-1.jpg,6,6,2.5218932e-05,0.00014732689,1.8384318e-05,9.5186423e-06,2.7563046e-05,0.00019030259,0.99815263,0.00059273115,0.00083632681
20171113-144817-0.jpg,6,6,0.0458671,0.048236588,0.00055994017,0.0074771428,0.0012732282,0.0010627055,0.76997252,0.0032521666,0.1222986
20171113-144900-1.jpg,6,6,0.00013061168,0.00021537929,4.8370749e-05,3.9527784e-05,8.8436632e-05,0.00054485682,0.98110569,0.00039827208,0.017428859
20171113-144918-1.jpg,6,8,0.0023538807,0.0003283327,0.00030160581,0.00038426605,0.00035332435,0.00036580664,0.16595359,0.00067339583,0.82928579
20171113-145257-3.jpg,6,6,0.00024000262,0.00017189671,0.0001620703,0.00031425858,0.00095980027,0.004156266,0.72853072,0.00013045387,0.26533453
20171113-145308-3.jpg,6,8,0.00026547748,0.0007943686,0.0003481135,0.00028604603,0.00022142282,0.0011868716,0.38979032,0.00055648214,0.6065509
20171113-145415-3.jpg,6,6,0.00014323452,0.0026252796,0.00013927674,3.7879809e-05,9.0231883e-05,0.0032680228,0.69021298,0.00034455287,0.30313854
20171113-145418-1.jpg,6,8,7.8216487e-05,0.00073642883,0.0001848988,5.2964999e-05,0.0002394982,0.0011871885,0.096392614,0.00072305813,0.90040513
20171113-145433-1.jpg,6,6,8.1693206e-06,0.0002599725,5.9029693e-05,3.2715854e-05,3.373442e-05,0.00019361439,0.990262,0.00025047148,0.0089002884
20171113-145453-1.jpg,6,6,0.00018116037,0.00079474421,0.0076275623,0.0020643074,0.0058178311,0.017510856,0.71637294,0.0090627244,0.24056787
20171113-145552-3.jpg,6,6,3.4269543e-05,0.0001509497,2.0723129e-05,2.5436961e-05,0.00014825128,0.00033534695,0.99826946,8.9419249e-05,0.00092614146
20171113-150110-1.jpg,6,6,0.0014750151,0.0021440239,0.00015612045,0.0002655237,0.00091831786,0.014094487,0.76967002,0.0022193187,0.20905717
20171113-150156-1.jpg,6,6,0.0013164374,0.0011950321,0.0006768066,0.0014584135,0.0010175116,0.093340626,0.84762987,0.037844686,0.015520617
20171113-150257-3.jpg,6,6,0.00024726747,0.00028275619,5.8133481e-05,6.7857983e-05,6.0519574e-05,0.00039747005,0.99081495,0.00017214674,0.0078988951
20171113-150301-1.jpg,6,8,0.040724507,0.022874889,0.0086840682,0.0019352117,0.003047607,0.0023117775,0.41351337,0.0050964988,0.50181207
20171113-150402-1.jpg,6,6,6.316288e-05,0.00020165873,0.00011983979,9.8659664e-05,0.00010899101,0.00029955637,0.99202067,0.0059668543,0.0011206096
20171113-150448-3.jpg,6,6,3.6848245e-05,0.00020410149,0.00040008923,0.00015286048,0.00050860828,0.00011929225,0.96367195,0.0040210209,0.030885227
20171113-151053-0.jpg,6,6,0.00043500276,0.0023732868,0.0001652391,2.7065132e-05,8.1751042e-05,7.929149e-05,0.99185143,8.6770222e-05,0.0049001632
20171113-151346-3.jpg,6,6,0.00063469029,0.00013369136,7.6501123e-05,0.0015371337,0.00095022473,0.00042498119,0.83346263,0.00050308311,0.16227706
20171113-151747-1.jpg,6,6,6.6250405e-05,5.3762418e-05,1.8563513e-05,3.719424e-05,4.031418e-05,3.8189766e-05,0.99960028,6.379569e-05,8.1648677e-05
20171113-151931-1.jpg,6,6,5.3299008e-05,3.1177799e-05,3.2805945e-05,6.3931075e-05,4.6008487e-05,0.00013305186,0.99843635,1.9875952e-05,0.001183499
20171113-152939-0.jpg,6,6,0.0004406661,0.00056509158,4.8222752e-05,2.6569238e-05,7.6601921e-05,0.00014195135,0.99749036,0.00010093178,0.001109606
20171113-153033-0.jpg,6,6,6.1918886e-05,7.2778133e-05,4.7227126e-05,0.00022690134,8.8914332e-05,3.4182863e-05,0.99790369,1.7524565e-05,0.001546867
20171113-153600-0.jpg,6,6,0.000110189,0.00034478178,3.6358095e-05,2.0561297e-05,1.6821317e-05,1.7288448e-05,0.99938513,3.0174797e-05,3.8695346e-05
20171113-154731-0.jpg,6,6,0.0079977836,0.46055377,0.00069839122,0.00018311128,0.00015102788,0.060979847,0.46794769,0.00029182189,0.0011965577
20171113-154857-0.jpg,6,6,3.3422854e-05,0.00031301174,3.2304203e-05,4.5243896e-05,7.1190806e-05,4.0095535e-05,0.99623956,0.00022290091,0.003002267
20171113-162820-0.jpg,6,6,6.093015e-05,0.00024153235,1.5518493e-05,1.5591327e-05,2.2801566e-05,6.5605683e-05,0.99923205,5.8023109e-06,0.00034016413
20171113-165829-0.jpg,6,6,0.0014722068,0.0048037743,0.00015001383,0.00013828177,4.6170988e-05,0.00018259552,0.992967,6.0859424e-05,0.0001790981
20171113-173213-0.jpg,6,6,0.00056581576,0.00046238055,0.0001663584,0.00031079583,0.00022601974,3.2949561e-05,0.99753533,3.1793463e-05,0.00066855393
20171113-173648-0.jpg,6,6,1.2084199e-05,7.7705201e-05,1.7560662e-05,1.7358128e-05,4.5555165e-05,4.6703907e-05,0.999612,9.4909461e-05,7.6120932e-05
20171113-175118-0.jpg,6,6,3.7400024e-05,0.0007256376,4.2992198e-05,8.850267e-05,7.4185614e-05,0.00016289345,0.99873786,7.4104088e-05,5.6429253e-05
20171121-071156-1.jpg,6,6,0.0035734416,0.0067665957,0.0008122187,0.0023447258,0.001272637,0.0023710694,0.88175982,0.024517484,0.076582007
20171121-071754-1.jpg,6,6,6.0082535e-05,0.0011527919,2.6892699e-05,4.4947999e-05,5.690812e-05,0.00019423385,0.99470935,9.7908941e-05,0.0036568866
20171121-072239-1.jpg,6,6,0.0022243307,0.014779933,0.00016596212,0.00028928689,0.0010217499,0.00059400944,0.9561351,0.0016087543,0.023180878
20171121-072857-1.jpg,6,6,0.00038564165,0.00057818505,0.00012106291,6.7799007e-05,0.00025323306,0.00054966256,0.99442013,9.2346332e-05,0.0035319348
20171121-073208-1.jpg,6,6,9.2745076e-05,0.00036684568,5.5842189e-05,0.00023606433,0.00025019015,0.0023530123,0.99507907,5.9334063e-05,0.0015068957
20171121-073257-1.jpg,6,6,0.051808929,0.21632005,0.0031107931,0.00029374532,0.0023176604,0.011691587,0.70643464,0.0040712292,0.0039513666
20171121-073259-1.jpg,6,6,0.00033049244,0.0003454331,3.2411422e-05,7.6201882e-05,0.00030550054,0.0011004143,0.98251077,3.123562e-05,0.01526754
20171121-073624-1.jpg,6,6,1.0783485e-05,0.0001055034,2.5847165e-05,3.6992505e-05,4.8867998e-05,0.00023793148,0.9965341,0.00053922904,0.0024607433
20171121-073828-1.jpg,6,6,3.5031116e-05,0.00013082248,1.2408932e-05,2.2313072e-05,3.8987573e-05,0.00017279105,0.99776842,0.00069872156,0.0011205062
20171121-074216-1.jpg,6,6,0.0024176573,0.003823737,0.00038704016,0.00013347322,0.0013692037,0.0009196783,0.93695731,0.00094024886,0.053051652
20171121-074426-1.jpg,6,6,0.00029041943,0.00028353876,5.8472064e-05,0.00033396644,0.00059387561,0.00018388191,0.73833869,0.0011148294,0.25880233
20171121-074610-1.jpg,6,8,0.00024443171,0.0013115837,9.036163e-05,0.00029066782,0.00049287576,0.0014297669,0.46190514,0.00089000906,0.53334516
20171121-075130-1.jpg,6,6,0.0035836544,0.34563383,0.0024014372,0.0024760329,0.0034040402,0.010375282,0.50096811,0.0017959257,0.12936168
20171121-075511-1.jpg,6,6,0.000733646,0.0021996465,0.00013918647,0.00025543866,0.0018097497,0.00086029243,0.9478166,0.00059150572,0.045593933
20171121-081850-2.jpg,6,6,0.1181701,0.050927837,0.0020251556,0.00059796619,0.0033793712,0.090378493,0.71809708,0.0062207501,0.010203248
20171121-082047-1.jpg,6,6,1.6976876e-05,4.1525916e-05,2.4340527e-05,2.8920119e-05,4.0617118e-05,7.9498554e-05,0.99860185,0.00022935393,0.00093691921
20171121-082150-2.jpg,6,6,0.0087880245,0.0022042275,0.0014142968,0.00057286791,0.0012588502,0.046197441,0.77550292,0.00056953077,0.16349184
20171121-082544-2.jpg,6,6,0.0021760097,0.00080914451,0.00026230082,0.0015080125,0.00034649723,0.047089554,0.88805968,0.017698326,0.042050473
20171121-082732-2.jpg,6,1,0.028250649,0.82222559,0.00065536091,0.00030294329,0.00013329835,0.014719534,0.0084487533,0.022794197,0.10246967
20171121-082752-2.jpg,6,8,0.0059645461,0.01202521,0.0014415637,0.00082240231,0.0026043351,0.0027934145,0.40293146,0.005003489,0.56641357
20171121-082826-2.jpg,6,6,0.00046912048,2.999465e-05,3.3116177e-05,7.1713452e-05,0.00012156475,8.0721466e-05,0.99886404,2.9719324e-05,0.00030000837
20171121-082850-2.jpg,6,6,0.00023527185,0.00021814297,8.8142117e-05,0.00020050565,0.00018413783,0.00025755919,0.9982588,3.5016287e-05,0.00052242709
20171121-082948-2.jpg,6,6,3.4561563e-05,5.6518224e-05,1.6577767e-05,6.0773365e-05,0.00020375437,0.00029819509,0.99585789,3.1522281e-05,0.0034402061
20171121-083319-1.jpg,6,6,0.0030795889,5.6800051e-05,0.00030550276,0.0045181796,0.010622195,0.00037000444,0.94026671,0.00032778818,0.040453232
20171121-083428-2.jpg,6,1,0.0010177262,0.94807548,0.00030514804,0.00018763763,6.0593998e-05,0.0014212201,0.024677934,0.0031750761,0.021079188
20171121-083458-1.jpg,6,6,6.3204916e-05,0.00022290181,4.3606708e-05,8.1733933e-05,0.00014782794,0.00046284447,0.99523428,9.2529833e-05,0.0036510725
20171121-083528-1.jpg,6,6,6.2029389e-05,0.0010760667,4.9819929e-05,7.6745876e-05,5.401844e-05,0.0004028076,0.98669957,3.1906413e-05,0.011547039
20171121-083556-1.jpg,6,6,9.6357179e-05,0.00011511221,5.543847e-05,0.00010632322,0.00012821963,0.00034347059,0.99353116,9.0401428e-05,0.0055335199
20171121-083607-1.jpg,6,6,3.2205192e-05,0.00015904295,1.8808819e-05,1.8794934e-05,5.3242213e-05,0.00013573448,0.99935889,2.4961772e-05,0.00019831984
20171121-083628-1.jpg,6,6,0.021279016,0.0059816246,0.0025755986,0.0054859244,0.0070060644,0.022215083,0.69230263,0.00066576635,0.24248829
20171121-084218-1.jpg,6,6,8.7235274e-05,0.00017119728,2.2198001e-05,1.7788625e-05,8.6371364e-05,0.00013087077,0.99737613,6.6740145e-05,0.0020414679
20171121-084509-2.jpg,6,6,0.00037948335,0.004021798,3.2715326e-05,3.050243e-05,7.2352037e-05,0.00020989849,0.98220856,0.00056705679,0.012477636
20171121-084620-1.jpg,6,6,0.00050204321,0.0035845645,5.1540053e-05,3.6711518e-05,4.0452535e-05,0.00030052519,0.98867474,0.00044242164,0.0063669978
20171121-084723-1.jpg,6,6,0.046167744,0.0032294758,0.0030580572,0.014984298,0.0034670709,0.027051699,0.88366398,0.0051288779,0.0132488
20171121-084809-1.jpg,6,6,0.0041958342,0.00024354123,0.00021956656,0.00077127628,0.00078823053,0.00032741197,0.95409768,0.00061910434,0.038737359
20171121-084827-1.jpg,6,6,0.00081743218,0.00034342908,9.3930516e-05,0.0001541997,0.00019012781,0.00014977617,0.99376454,0.0020041435,0.0024824225
20171121-084920-1.jpg,6,6,0.0024493242,0.0008761091,7.1068673e-05,0.0028148621,0.001321432,0.0011032064,0.95828804,0.0053064807,0.02776948
20171121-085219-1.jpg,6,6,0.031131938,0.00043910048,0.00023103548,0.0017491524,0.0030854217,0.0014223407,0.90815017,0.038884175,0.014906668
20171121-085233-1.jpg,6,6,0.0014765723,0.00073716369,4.4424892e-05,9.925896e-05,0.00071174261,0.00015047045,0.98927008,0.0057873337,0.0017229495
20171121-085944-1.jpg,6,6,0.0036230663,6.8002755e-05,8.4328822e-05,7.5402157e-05,0.0004835398,0.00025647432,0.99320391,0.0010316533,0.0011736257
20171121-090145-3.jpg,6,6,5.6400815e-05,6.3498983e-05,8.9346515e-05,3.9246312e-05,0.00014888555,0.00031621238,0.98002364,8.2971241e-05,0.019179793
20171121-090429-3.jpg,6,6,0.0050656494,0.014583231,0.00011086321,0.00014198888,0.00034132952,0.0057094554,0.9693744,0.00072592279,0.0039471635
20171121-090501-3.jpg,6,6,0.0052131963,0.0018395746,0.0004412774,0.0059682789,0.0030793701,0.00049774199,0.93069297,0.00010955541,0.052158034
20171121-090623-3.jpg,6,8,0.013876984,0.0059334534,0.0040539405,0.0014382077,0.01242434,0.0074054303,0.18390629,0.0014675864,0.76949377
20171121-090736-3.jpg,6,8,0.0090467866,0.00036378443,0.00017006712,0.0017537941,0.001319552,0.0005250867,0.36137104,0.0021484758,0.62330141
20171121-090747-1.jpg,6,6,2.6232468e-05,0.00010218645,1.6605219e-05,2.0216718e-05,2.1476037e-05,7.9880224e-05,0.99948474,1.4658555e-05,0.00023400053
20171121-090750-3.jpg,6,6,0.00015808196,2.9434217e-05,1.3122994e-05,3.0916143e-05,8.7829502e-05,0.00011258256,0.99828893,0.00015878172,0.001120321
20171121-090841-1.jpg,6,6,0.0048697144,0.044939234,0.00041288013,6.641167e-05,0.00078290452,0.0049782312,0.87115551,0.00031464167,0.072480474
20171121-090957-3.jpg,6,6,0.0030750469,0.0034358077,9.5182568e-05,2.2756477e-05,0.00023526972,0.00083855336,0.98659478,0.00031426651,0.0053883321
20171121-091203-3.jpg,6,6,0.0029486967,0.0019879983,0.00010783485,6.8587877e-05,0.00053047745,0.0014622213,0.98369686,0.00035934945,0.0088379782
20171121-091325-3.jpg,6,6,0.0024127749,0.0016479515,6.7333536e-05,4.6516354e-05,0.00027016568,0.0025794029,0.99148304,0.00056681057,0.00092600335
20171121-101101-1.jpg,6,6,0.0015092826,0.00058980645,3.804457e-05,0.00014691139,0.00082920466,0.0055050526,0.85083778,0.0032811627,0.13726276
20171121-101113-1.jpg,6,6,8.500764e-05,0.00027311266,4.0174622e-05,1.3931346e-05,0.0001510959,0.00403975,0.98328434,0.00031860867,0.011793981
20171121-101215-1.jpg,6,6,0.0016689891,4.7895439e-05,0.00018028671,0.0067283409,0.00086566868,0.0006874336,0.9862701,0.00066836498,0.0028829177
20171121-181134-2.jpg,6,6,0.12446407,0.16464965,0.0057578416,0.0041550156,0.0011341767,0.0016475896,0.3281572,0.12607369,0.24396076
20171122-095514-1.jpg,5,5,0.00087754538,0.00056936597,0.0011262324,0.0001634339,0.0013879352,0.97108284,0.00051771731,0.00023228059,0.024042644
20171122-095851-1.jpg,5,5,7.7058221e-05,6.0285907e-05,0.0001871437,0.00014706336,0.00013882275,0.99672285,0.00049643095,8.8103898e-05,0.0020822401
20171122-100108-1.jpg,5,5,0.00037363422,0.00064321986,0.0017589826,0.0011184718,0.0017719599,0.96388819,0.0027187233,9.1527375e-05,0.027635293
20171122-101024-1.jpg,5,5,0.00013774199,2.662736e-05,0.0001355964,0.0001354772,0.00033426096,0.99835865,0.00053343868,5.3292859e-05,0.00028491833
20171122-101340-1.jpg,5,5,0.00031988279,0.00029430793,0.0020165087,0.00013968399,0.00047767319,0.98192255,0.0011552125,7.3438998e-05,0.013600741
20171122-101355-1.jpg,5,5,5.6116517e-05,7.8279801e-05,0.00025452245,0.00011602978,9.0046564e-05,0.9976991,0.00072657781,4.2510964e-05,0.00093681188
20171122-101532-1.jpg,5,5,0.00017207333,0.00015752408,9.0850365e-05,2.1513753e-05,2.9351682e-05,0.99682044,0.00033410427,4.2829053e-05,0.0023313142
20171122-101719-1.jpg,5,8,0.00028257217,0.0026465988,0.0015178161,0.0003743206,0.00014098817,0.012646995,9.244371e-05,7.8646343e-05,0.98221962
20171122-101744-1.jpg,5,5,0.00022127175,0.00045719197,0.00029052672,0.00010083845,7.3547338e-05,0.99055403,0.00037695511,9.7469675e-05,0.0078281663
20171122-102100-1.jpg,5,5,5.5964835e-05,0.00013391206,9.9321417e-05,4.9507553e-05,3.1297081e-05,0.99349254,0.00095428945,6.8058193e-05,0.0051151083
20171122-102106-1.jpg,5,5,0.00065534296,0.00018917253,9.794545e-05,4.7838758e-05,0.00017371742,0.99423967,0.00049660942,0.0010753531,0.0030243498
20171122-102318-1.jpg,5,5,0.00018496155,0.00023250901,0.00014729687,6.306308e-05,0.00012178558,0.99473928,0.00022306653,0.00016119055,0.0041268451
20171122-102520-1.jpg,5,5,0.0074460822,0.00094702282,0.00062811949,6.4696127e-05,8.325794e-05,0.97475916,0.00011465158,0.0014128945,0.014544117
20171122-102653-1.jpg,5,5,0.00099741356,0.00030223686,0.00055621768,0.00011935199,0.00013129133,0.98492044,0.00035016546,0.00014779215,0.012475087
20171122-102820-1.jpg,5,5,5.8648293e-05,3.4136392e-05,0.00011815084,0.00011141433,0.00010677036,0.99849432,0.00050876861,5.5070722e-05,0.00051272217
20171122-103056-1.jpg,5,5,0.0040309563,0.0042129365,0.00050780658,0.00023605194,0.00038245471,0.98255281,7.4494721e-05,0.0013503606,0.0066521308
20171122-103153-1.jpg,5,5,0.0025072683,0.00041874167,0.0013966501,0.00085194283,0.0010180397,0.956495,0.00038846277,0.0004438583,0.036480038
20171122-103247-1.jpg,5,5,0.00010755821,3.8380865e-05,0.00010009879,6.3797656e-05,0.00010822347,0.9983557,0.00090002479,7.7411093e-05,0.00024880369
20171122-103329-1.jpg,5,5,3.203177e-05,6.4249645e-05,7.5405357e-05,5.8457314e-05,6.4014895e-05,0.99850052,0.00078584713,7.9138838e-05,0.00034034002
20171122-103345-1.jpg,5,5,0.00016171824,0.00021682157,0.00021341297,0.00036013171,0.00043854702,0.97470411,0.021903683,0.00021473984,0.0017868321
20171122-103413-1.jpg,5,5,9.4185858e-05,8.1330701e-05,0.00026364871,0.00014608082,0.00038458482,0.98903581,0.00806451,0.00010241796,0.0018274271
20171122-103825-1.jpg,5,5,4.4991429e-05,5.1377888e-05,7.9770052e-05,5.4816468e-05,7.213004e-05,0.99889009,0.00032035172,0.00011384548,0.00037262716
20171122-103945-1.jpg,5,5,4.8763894e-05,4.4229134e-05,3.781403e-05,3.1548511e-05,1.9358414e-05,0.99952313,6.3026352e-05,3.4785866e-05,0.00019734464
20171122-104102-1.jpg,5,5,3.9051312e-05,4.5629493e-05,9.4390832e-05,0.00011226132,0.00012480546,0.99862577,0.00040891974,6.5989948e-05,0.00048317776
20171122-104124-1.jpg,5,5,6.2308097e-05,2.1308802e-05,4.0525166e-05,6.7184723e-05,6.2510564e-05,0.99937507,7.2484052e-05,2.9205392e-05,0.00026940093
20171201-115646-1.jpg,8,8,0.00027535313,4.9346606e-05,0.00011512232,3.1787747e-05,4.176116e-05,0.00028998109,6.1693305e-05,0.0001917405,0.99894321
20171201-115746-1.jpg,8,8,0.00073567748,0.00036920453,0.00024700508,0.0012243461,0.00024203498,0.013276308,0.00028290001,0.0010384584,0.98258407
20171201-115805-1.jpg,8,8,0.00012015738,0.00017751646,2.8888494e-05,7.0272557e-05,1.5311764e-05,3.5641149e-05,1.6575514e-05,0.000160523,0.99937511
20171201-115923-1.jpg,8,8,0.0004526193,0.0019567968,0.0002274319,0.0048413639,0.00012634309,0.028359267,0.00053055092,0.0018190849,0.96168654
20171201-115935-1.jpg,8,8,8.1176479e-05,0.00028487273,6.1354881e-05,0.00020648454,2.1829619e-05,0.00095067991,0.00029897472,4.2199638e-05,0.99805243
20171201-120036-1.jpg,8,8,0.00057039302,0.0045354463,0.00016198892,0.0052114877,0.00019691779,0.00042935592,0.0024064992,0.00018250529,0.98630541
20171201-120803-1.jpg,8,8,0.019340664,0.0027273204,0.00083838724,0.00078614845,0.00027465065,0.13301525,7.9010537e-05,0.0029947248,0.83994385
20171201-120840-1.jpg,8,8,0.04230951,0.0086902093,0.00042191039,0.052153795,0.00062245563,0.0012593492,6.4173709e-05,0.001209901,0.8932687
20171201-123831-3.jpg,8,8,0.0046178059,0.005797073,0.00053027326,0.025062908,0.00041725179,0.079296812,7.8079033e-05,0.0017632815,0.88243652
20171203-082105-3.jpg,8,8,0.001143366,0.00049978465,2.4314005e-05,0.0061101196,0.00017538708,1.1954013e-05,4.6314661e-05,0.001003055,0.9909857
20171203-164415-3.jpg,8,8,0.013728166,0.002732406,6.0428276e-05,0.062156145,0.00051141422,5.681061e-05,0.00016901254,0.0028698129,0.91771581
20171203-164605-3.jpg,8,8,0.00091964083,0.032188182,4.4551375e-05,0.00036189538,3.1745715e-05,0.00015225047,3.7870502e-05,0.0057753502,0.96048851
20171203-164630-3.jpg,8,8,0.0018587037,0.0016795025,2.7514054e-05,1.7610956e-05,2.3754771e-05,4.6223727e-05,3.2533265e-05,0.0012683496,0.99504581
20171203-165059-3.jpg,8,8,0.012496904,0.0041834606,0.00030347181,0.00022442202,4.6079444e-05,0.028586122,8.9076538e-05,0.028758222,0.92531224
20171203-165115-3.jpg,8,8,0.0017724359,0.0038978482,3.8006501e-05,0.0018541556,6.4357675e-05,0.00012950951,7.7294657e-05,0.0036479047,0.98851849
20171203-165302-3.jpg,8,8,0.0057389911,0.0022256396,0.00027420846,0.0010069683,5.7825959e-05,0.00034549533,0.0003256065,0.0012498195,0.98877545
20171203-165314-3.jpg,8,8,0.0010511935,0.00055451694,3.2862677e-05,0.00012059964,4.6461424e-06,0.0001079738,4.1652968e-05,0.00049720054,0.99758935
20171203-165415-3.jpg,8,8,0.00015515748,0.0002406325,8.7644922e-05,2.0007494e-05,2.8876807e-05,5.8693106e-05,1.8482525e-05,0.00047764546,0.99891286
20171203-165503-3.jpg,8,8,0.0011431511,0.00036532147,1.7515298e-05,0.0011079151,0.00038488424,3.9063083e-05,6.5201036e-05,0.00066401252,0.99621294
20171203-165545-3.jpg,8,8,0.00078451397,0.028264299,0.00015761523,0.0017035603,0.00024672775,9.4922583e-05,0.00017716154,0.00022859288,0.96834261
20171203-165745-3.jpg,8,8,0.0015064496,0.00028962661,3.9058902e-05,6.4810946e-05,2.7290068e-05,0.00081591407,0.00013079382,0.0025813235,0.99454473
20171203-165809-3.jpg,8,8,0.00032493808,0.0028659039,3.1233213e-05,5.8669412e-05,4.3701839e-05,5.2051438e-05,0.00013167139,0.00016746324,0.99632437
20171203-170230-3.jpg,8,8,0.00030840045,0.00029991758,1.6647788e-05,7.0684925e-05,8.789362e-06,0.00014750108,6.1762745e-05,0.0010145923,0.9980717
20171203-170325-3.jpg,8,8,0.00032390906,0.0032967143,0.00014449097,0.00022782515,1.512991e-05,0.00048693682,0.00030512126,0.00019199536,0.99500788
20171203-170434-3.jpg,8,8,0.015568617,0.0021777955,0.00063160363,0.00031182332,9.3811505e-05,0.16586703,0.00031732027,0.0014457014,0.8135863
20171203-170522-3.jpg,8,8,0.046203681,0.00053715366,0.0026944951,0.0013678595,0.00032386688,0.0056009915,0.00020771629,0.0027901985,0.94027404
20171203-170534-3.jpg,8,8,0.017857326,0.0035245056,0.00078290801,0.00072088965,0.00020866103,0.059332736,0.00037223513,0.00041389836,0.91678684
20171203-170737-3.jpg,8,8,0.00056319744,0.00011048235,2.3600368e-05,2.7274804e-05,1.0481467e-05,2.920651e-05,1.2930351e-05,0.002496551,0.99672628
20171203-170753-3.jpg,8,8,0.00084761733,0.00027508718,5.2527965e-05,0.00015860301,2.4617908e-05,0.00020594316,8.9476447e-06,0.0012032939,0.99722336
20171203-170805-3.jpg,8,7,0.010781961,0.00363041,7.0908512e-05,8.6230642e-05,9.9758506e-05,0.0025005992,0.00074352397,0.74569818,0.23638843
20171203-170835-3.jpg,8,8,7.844675e-05,0.00010426652,1.9734925e-05,3.2708091e-05,6.6052565e-06,3.8608605e-05,5.6915366e-05,0.00031638452,0.99934633
20171203-170848-3.jpg,8,8,0.00028931206,4.1341933e-05,1.6262371e-05,1.7122492e-05,8.6007971e-05,9.7526408e-06,5.2068597e-05,0.001907005,0.99758113
20171203-171008-3.jpg,8,8,0.00024230031,0.0026204959,1.6482261e-05,0.0003051997,8.1155969e-05,1.4979992e-05,5.9931387e-05,0.00068469057,0.99597476
20171203-171022-3.jpg,8,8,0.0003506445,0.0001252962,7.9601733e-06,0.00054268075,1.5223249e-05,3.7270148e-05,1.51131e-05,0.0001065581,0.99879925
20171203-171926-3.jpg,8,8,0.00089293622,0.0020682687,0.00068820711,0.00019007626,6.8089142e-05,0.00013005145,5.7713663e-05,0.0023203252,0.99358433
20171203-172120-3.jpg,8,8,0.0062154357,0.005056372,0.00054512963,0.0012000279,5.7180337e-05,0.00014351949,4.7889367e-05,0.017604921,0.96912952
20171203-172354-3.jpg,8,8,0.0017674456,0.00042150042,0.0012464551,0.00086547884,0.0052868295,0.026811907,0.0061192211,0.0044027917,0.95307837
20171203-172543-3.jpg,8,8,0.00022950801,6.6507202e-05,2.9078235e-05,4.4325571e-05,2.2967303e-05,0.00043590238,1.9550055e-05,0.00020381438,0.99894835
20171203-172556-3.jpg,8,8,0.00021318141,0.0019212683,3.7638679e-05,4.3996687e-05,4.3592527e-06,5.2972425e-05,2.5481192e-05,0.00018969993,0.9975114
20171203-172608-3.jpg,8,8,0.00010848535,0.0074112782,0.00013888797,0.00015498056,3.7129046e-05,0.00128211,0.00012779779,0.00014917755,0.99059015
20171203-172623-3.jpg,8,8,0.0011040634,0.00052964633,6.8663848e-05,0.00045797026,6.6074867e-06,0.00031605205,2.0910093e-05,0.00029479183,0.99720129
20171203-172726-3.jpg,8,8,0.00065325444,0.0035685768,0.00010709689,2.7161985e-05,1.1103624e-05,4.2701724e-05,1.0498239e-05,0.0010322621,0.99454734
20171203-172809-3.jpg,8,8,0.0046291033,0.00075186976,5.7216863e-05,6.6774035e-05,3.2963774e-05,0.0010176623,0.00017154097,0.010190966,0.9830819
20171203-172855-3.jpg,8,8,0.0056078059,0.010191478,6.6534648e-05,9.2396522e-05,2.5436387e-05,0.00089271573,2.6340547e-05,0.0091199175,0.97397737
20171203-173210-3.jpg,8,8,0.00035245995,0.00021058228,0.00011561658,9.4380094e-05,6.4898921e-06,0.00047976845,0.0003984715,0.00039697947,0.99794525
20171203-173246-3.jpg,8,8,9.2832104e-05,0.00017715163,0.0001274233,2.6874942e-05,7.2672385e-05,0.00034127351,0.00010609673,5.6188224e-05,0.99899949
20171203-173632-3.jpg,8,8,0.00061589636,0.0090488441,0.00015419565,0.00070154865,3.1713116e-05,0.00014257182,0.00025976454,0.0010597752,0.98798569
20171203-173955-3.jpg,8,8,0.0015053602,0.0010936658,0.00015701112,0.00011557531,0.00010182256,3.0927243e-05,2.8741749e-05,0.0027821602,0.99418474
20171203-174204-3.jpg,8,8,0.00020744213,0.0023163259,2.0057504e-05,8.4396461e-05,6.484571e-06,0.00050523526,6.6335623e-05,0.00012542788,0.99666829
20171203-174235-3.jpg,8,8,0.0023321529,0.00085389831,0.00025689038,7.3647788e-05,0.00012316071,5.455043e-05,1.8931335e-05,0.0026465043,0.99364026
20171203-174510-3.jpg,8,8,0.00037421157,0.00061822253,3.5306594e-05,3.2567391e-05,1.7793083e-05,4.9290521e-05,2.1378197e-05,0.00035332374,0.99849791
20171203-174656-3.jpg,8,8,0.0028355182,0.0026917789,4.5069243e-05,0.010179405,0.00021181995,8.9994218e-05,0.00011108031,0.0015013484,0.98233399
20171203-174853-3.jpg,8,7,0.22430556,0.0023705643,0.00021278342,0.00028771756,0.0020392157,0.00033735089,0.00041339859,0.59800432,0.17202909
20171205-123530-2.jpg,8,8,0.014459157,0.00099399283,0.00013073598,3.6760135e-05,4.2334434e-05,0.002724284,0.00023027693,0.0063420223,0.97504044
20171205-123605-2.jpg,8,5,0.0074663288,0.013569721,0.001056079,0.00051072318,0.00018516042,0.58191318,0.0015052107,0.0011243842,0.39266921
20171205-123640-2.jpg,8,8,0.00055474067,0.009892985,0.00018413837,0.00014257866,0.0010475237,0.034479173,0.065345697,0.0027893716,0.88556379
20171205-124014-2.jpg,8,8,0.00010181088,3.7003547e-05,6.8142241e-05,0.00018644738,1.0114493e-05,0.00026662752,4.3932959e-05,6.513842e-05,0.99922078
20171205-124035-2.jpg,8,8,0.0038886258,0.092259075,0.00037416724,0.00078538127,4.5370762e-05,0.039755824,0.00039284894,0.0022104667,0.86028824
20171205-124050-2.jpg,8,8,0.0046833954,0.0045316796,2.1618616e-05,0.00088988251,0.00018333535,0.00010414135,1.1672021e-05,0.0029206185,0.98665366
20171205-124103-2.jpg,8,8,0.072273941,0.082759257,5.8783154e-05,0.00076024942,0.00070250658,0.0011381466,0.00022520183,0.076107869,0.76597405
20171205-124515-2.jpg,8,8,0.00036936797,3.9344621e-05,0.00013948948,0.00047557584,0.00017681329,0.0001868817,4.9069936e-05,0.0001511895,0.99841227
20171205-124625-2.jpg,8,8,0.00031756554,2.2760199e-05,0.00021197048,0.00035546292,0.00031385049,0.00040060284,0.00010822361,0.00017058332,0.99809898
20171205-124856-2.jpg,8,8,0.0027893628,0.00052193716,0.00091268725,0.00016779308,0.00015491467,0.089319342,0.00053077567,0.00059289148,0.9050103
20171205-133618-2.jpg,8,8,0.00094395962,0.00025120691,9.6939302e-06,3.0193554e-05,1.2310118e-05,0.00010520024,1.0732105e-05,0.0019375191,0.99669918
20171205-133727-2.jpg,8,8,0.00042004072,7.4827588e-05,1.466844e-05,9.3850415e-05,9.176161e-06,2.6055869e-05,5.8935769e-06,0.00044922728,0.99890626
20171205-133754-2.jpg,8,8,0.00086295962,0.0013286843,7.6171068e-06,0.00030978648,6.9118657e-05,3.7028029e-05,7.3673402e-06,0.00025920134,0.99711824
20171205-134059-2.jpg,8,8,0.0037186964,0.075911598,9.8171503e-05,0.00031853274,0.00023125432,0.00024901191,0.00021301041,0.00090059525,0.91835913
20171205-134137-2.jpg,8,8,0.079241827,0.0026500655,0.00058100102,0.00041527517,0.00054160054,0.0012427158,1.0979261e-05,0.0042525133,0.91106402
20171205-134151-2.jpg,8,0,0.56391111,0.23340676,0.00043116673,0.00037587406,0.00033917882,0.0011862449,5.0201639e-05,0.025304815,0.17499465
20171205-134600-2.jpg,8,8,0.0019592346,0.017112593,0.00012384241,7.6596786e-05,1.6182319e-05,0.00068504464,7.8213739e-06,0.00092604091,0.97909264
20171205-134821-2.jpg,8,8,0.00055523509,0.00023753174,9.0015697e-06,3.4075037e-05,8.6256909e-06,0.00016171189,1.8977638e-05,0.00013799796,0.99883684
20171205-141003-2.jpg,8,8,0.0018170606,0.016539178,0.00036601743,0.0019550114,0.00041385595,0.38757518,0.0012974011,0.0092131921,0.5808231
20171205-141149-2.jpg,8,8,8.4337583e-05,0.00014321597,3.6940124e-05,3.4762268e-05,9.8580362e-06,0.00013253001,9.4269863e-06,1.0948343e-05,0.99953798
20171205-141207-2.jpg,8,8,7.0651391e-05,4.9261422e-05,5.1137128e-05,1.4708415e-05,6.2107097e-06,0.0002017897,2.1638357e-05,3.4248818e-05,0.99955035
20171205-141347-2.jpg,8,8,0.00051650101,0.00040749778,8.9618319e-05,2.8008982e-05,1.1432707e-05,0.00042572492,1.3312664e-05,6.6376775e-05,0.99844153
20171205-143227-2.jpg,8,8,0.00027380653,2.7720769e-05,0.0002340657,0.00026496647,0.00020695488,0.0006228559,7.0087895e-05,0.00013535452,0.99816419
20171205-143444-2.jpg,8,8,0.00020427862,2.8285328e-05,0.00016300148,0.00020441672,0.000139039,0.00034031357,0.00025557321,5.7065132e-05,0.99860803
20171205-143514-2.jpg,8,8,0.0003535288,5.5579425e-05,0.000425052,0.00029271695,0.00032176877,0.0010528407,0.00079879274,9.8111856e-05,0.99660161
20171205-144102-2.jpg,8,8,0.00038302328,7.3856384e-05,0.00029755859,0.00057783668,0.0012161218,0.00071433311,0.00011339954,0.00023424267,0.99638963
20171205-144132-2.jpg,8,8,0.0031465952,9.0704915e-05,0.00043200092,0.0022989776,0.0010242332,0.0038527802,0.00012094393,0.00054177822,0.98849199
20171205-144342-2.jpg,8,8,0.00023219566,3.8463931e-05,7.1576e-05,0.00012078667,6.7427952e-06,0.00080531747,2.2053571e-05,9.0751328e-05,0.99861211
20171205-144424-2.jpg,8,8,7.3317108e-05,9.6279853e-05,7.9482652e-05,6.537204e-05,5.588696e-06,0.0019695737,2.8070918e-05,3.080281e-05,0.99765151
20171205-144647-2.jpg,8,5,0.00045072737,0.00015213845,0.00012181554,8.4901361e-05,8.6274575e-05,0.98336624,0.00022868447,0.00016380414,0.015345416
20171205-144841-2.jpg,8,8,0.00017313878,0.00082130407,0.00015646831,0.0001003471,8.8442461e-06,0.00010603766,2.220478e-05,2.8801897e-05,0.99858285
20171205-144912-2.jpg,8,8,0.0013814981,0.00079893515,0.00056531931,0.0022167474,9.6770473e-06,0.0016050592,1.9593925e-05,9.0779186e-05,0.99331239
20171205-144945-2.jpg,8,8,0.0003321949,0.0025109212,0.00019097238,0.0044199438,0.00027179086,1.7761567e-05,9.4550112e-05,0.00012904451,0.99203282
20171212-092921-3.jpg,8,8,0.0015430754,0.00022110772,0.00012950769,0.00034286689,4.8043431e-05,0.00010131768,9.4119626e-06,0.0018704887,0.99573418
20171212-093006-3.jpg,8,8,0.00025381608,0.00012435236,5.9940184e-05,0.00088001998,4.7535177e-06,3.3756479e-05,8.2481172e-06,0.00026396821,0.99837115
20171212-093146-3.jpg,8,8,0.00023329946,0.00026938416,0.00014588937,7.5141715e-05,5.3126147e-05,2.687053e-05,2.6313776e-05,0.00016599425,0.99900398
20171212-093539-1.jpg,8,8,0.00020007218,6.9393896e-05,8.3699994e-05,0.00036012091,3.1562004e-05,4.4618015e-05,3.841559e-05,0.00038855863,0.99878356
20171212-093551-1.jpg,8,8,0.00034280214,7.6587668e-05,9.2812869e-05,0.00064441668,1.7226433e-05,6.6390281e-05,3.9729914e-05,0.00037295367,0.99834708
20171212-093606-3.jpg,8,8,0.00032841549,0.00069615718,9.7644026e-05,0.00016429011,1.9800592e-05,0.00016273411,5.2663725e-05,0.00054232358,0.99793597
20171212-093616-1.jpg,8,8,0.0011841794,0.00013878132,9.4103504e-05,0.00014062062,5.8104108e-06,0.00020866497,1.9357678e-05,0.00027786255,0.99793062
20171212-093708-1.jpg,8,8,0.00021763684,7.7114315e-05,9.0827621e-05,0.00092373314,2.0207439e-05,5.511775e-05,2.5256611e-05,0.00042228446,0.99816782
20171212-093714-3.jpg,8,8,0.00017591215,0.00018246349,1.770758e-05,1.6328175e-05,2.5011595e-05,1.532426e-05,3.2446257e-05,0.00021257309,0.99932223
20171212-093855-1.jpg,8,8,0.00088658037,0.00021383277,0.00024733734,0.0013035452,0.00040571843,0.00021018278,0.00018634906,0.00026250267,0.99628395
20171212-093911-3.jpg,8,8,0.00014328821,8.2120095e-05,3.1918245e-05,0.00019960858,7.4921762e-06,2.0043796e-05,1.9703792e-05,0.00026531319,0.99923051
20171212-093958-1.jpg,8,8,0.00037593979,0.00015389704,4.8002217e-05,0.00068665474,1.1033737e-05,9.0856458e-06,1.8710183e-05,0.0011469048,0.99754977
20171212-094134-1.jpg,8,8,0.00015332012,2.5261457e-05,5.9342443e-05,0.00053889364,1.38417e-05,3.7674259e-05,9.5665385e-06,0.00017090698,0.99899119
20171212-094144-1.jpg,8,8,0.0023527532,0.00034705992,3.0037233e-05,0.00035139709,1.4867513e-05,2.4854926e-05,1.1938818e-05,0.0035233058,0.99334379
20171212-094300-3.jpg,8,8,0.00042038174,0.0002214903,1.2174636e-05,3.2197565e-05,9.1326678e-06,1.5320116e-05,2.0758336e-05,0.00029230043,0.99897624
20171212-094300-1.jpg,8,8,0.00051299965,9.2467938e-05,2.7295263e-05,0.00029366177,1.6564475e-05,2.9931053e-05,2.4793222e-05,0.0013274173,0.99767487
20171212-094313-1.jpg,8,8,0.00012516671,0.00014181822,5.3246675e-05,0.00031226458,6.5046898e-06,1.803355e-05,8.3403002e-06,0.00016135628,0.99917327
20171212-094409-1.jpg,8,8,0.00032456356,3.3816304e-05,0.00010638435,8.6879145e-05,1.5737366e-05,5.8972434e-05,2.05693e-05,0.00016224381,0.99919083
20171212-094427-3.jpg,8,8,0.00010729423,8.6610464e-05,9.4660991e-06,3.754585e-05,5.5203571e-06,2.137681e-05,2.2678801e-05,6.3589925e-05,0.99964592
20171212-094459-1.jpg,8,8,0.00022487584,4.0299624e-05,0.00014629748,0.00046930475,2.0466516e-05,3.7774826e-05,2.9565502e-05,0.00020316072,0.99882825
20171212-094532-1.jpg,8,8,0.00018689809,0.00022609415,2.2695061e-05,6.9761537e-05,5.9130887e-06,0.00022629427,1.3671906e-05,0.00016667083,0.999082
20171212-094611-1.jpg,8,8,0.00063854017,9.912836e-05,0.00019637414,0.00038975405,0.00011478437,5.9373325e-05,0.00012551795,0.00098753978,0.99738899
20171212-094623-3.jpg,8,8,0.00041760775,0.00021681041,2.159621e-05,6.7999427e-05,5.4504589e-06,5.875317e-05,4.4505069e-05,0.00018565179,0.99898163
20171212-094655-3.jpg,8,8,9.4768776e-05,0.00031311626,2.6909268e-05,0.0001041918,3.5839749e-05,6.4611987e-05,7.8767116e-06,0.00011192759,0.99924076
20171212-094711-1.jpg,8,8,0.00021703475,0.00023679526,3.723622e-05,0.00059546178,1.8005943e-05,1.6672601e-05,9.6381896e-06,0.00014143327,0.99872772
20171212-094741-1.jpg,8,8,0.00017488224,2.9270245e-05,8.8993072e-05,7.1330898e-05,2.5350593e-05,2.573137e-05,2.0692444e-05,0.00018055997,0.99938319
20171212-094756-1.jpg,8,8,0.00017127696,3.8557541e-05,2.6509969e-05,4.3750919e-05,1.3994808e-05,3.5515402e-05,1.2603915e-05,0.00012744573,0.99953034
20171212-094855-3.jpg,8,8,0.00083879364,0.00023906987,4.9359685e-05,1.3771355e-05,5.8581206e-06,0.00044081308,8.6712909e-05,0.00083920984,0.99748641
20171212-094932-1.jpg,8,8,0.00011127139,8.145612e-05,3.1192871e-05,0.00019034819,6.1405091e-06,1.9926871e-05,1.4141734e-05,0.00012921281,0.99941631
20171212-095021-3.jpg,8,8,0.00039953487,0.0011657111,3.7315448e-05,6.4857501e-05,2.7265764e-05,2.939241e-05,1.5371496e-05,0.00038656262,0.99787399
20171212-095057-1.jpg,8,8,0.0031580589,0.0070033412,0.00036286242,0.0042540149,0.0012997875,0.00019193235,0.00047546689,0.027668109,0.95558643
20171212-095308-3.jpg,8,8,0.0001026765,5.4885682e-05,1.4907578e-05,1.3927185e-05,1.5819136e-05,5.9091811e-06,6.8295772e-06,0.00014741453,0.99963763
20171212-095344-3.jpg,8,8,0.002043314,0.0019011719,0.00014275794,0.00033075751,7.0459597e-05,4.4503264e-05,5.8366515e-05,0.00028431668,0.99512435
20171212-095346-1.jpg,8,8,0.00014247523,0.00023641348,3.9526143e-05,0.00045586329,8.2071829e-06,4.299485e-05,6.6273593e-05,0.00019844082,0.99880981
20171212-095400-3.jpg,8,8,6.9189306e-05,0.00015837829,2.0956529e-05,2.9955812e-05,1.6781096e-05,1.2279603e-05,7.5000955e-05,7.7100999e-05,0.99954036
20171212-095412-3.jpg,8,8,0.0013664431,0.00045650875,9.0436974e-05,0.00020244862,5.0534802e-05,5.7667769e-05,0.00038611834,0.0010953777,0.99629446
20171212-095425-3.jpg,8,8,0.00017717494,0.00027355048,6.8011032e-05,0.00021812746,1.1988235e-05,7.1775651e-05,3.173929e-05,0.00011895319,0.99902868
20171212-095519-3.jpg,8,8,0.00011072504,9.110939e-05,1.2272678e-05,2.8229283e-05,5.3333966e-06,5.1317621e-06,1.3606245e-05,0.00010054459,0.99963305
20171212-095558-1.jpg,8,8,0.00080290823,0.00037620376,0.0005712767,0.0022737721,7.4329612e-05,0.00013790225,0.00018173964,0.0031459926,0.99243588
20171212-095618-3.jpg,8,8,0.00035352436,7.4378375e-05,8.893365e-06,5.4504581e-05,6.0279527e-06,8.6417661e-06,5.2920692e-06,0.00022001501,0.99926872
20171212-095632-1.jpg,8,8,0.0004373713,6.0914684e-05,4.6674484e-05,0.00021179108,7.86407e-06,1.5292712e-05,1.3062559e-05,0.00037689476,0.99883013
20171212-095706-1.jpg,8,8,0.092359,0.031654895,0.00056623338,0.0062190346,0.00098404256,0.071406106,5.0059019e-05,0.044473721,0.75228691
20171212-095738-3.jpg,8,8,9.6363514e-05,3.989092e-05,1.0034342e-05,1.4385839e-05,4.7757185e-06,1.9538244e-05,9.5855602e-06,5.4774889e-05,0.99975065
20171212-095844-1.jpg,8,8,0.0002780523,6.2256527e-05,8.1663574e-05,0.00028887415,1.3082058e-05,6.6829958e-06,4.7092464e-05,0.00016903599,0.99905326
20171212-095920-1.jpg,8,8,0.00058305959,0.00019561999,5.438036e-05,0.00013762267,3.2929185e-05,4.8252783e-05,1.7117987e-05,0.0002383287,0.99869269
20171212-095921-3.jpg,8,8,0.00058126269,0.00039527058,5.5978229e-05,0.00012527653,3.2731361e-05,5.9097202e-05,1.8342662e-05,0.0011138278,0.99761821
20171212-095934-3.jpg,8,8,0.00026813207,0.00010931063,2.9394256e-05,0.00015725687,0.0002873459,8.1009886e-05,0.00026567659,0.000139701,0.99866217
20171212-095946-1.jpg,8,8,0.00015164182,0.00010206575,3.8984999e-05,4.6569628e-05,4.6326881e-05,2.6577865e-05,3.6498757e-05,0.00022278876,0.99932855
20171212-100032-1.jpg,8,8,0.00051749929,8.6735889e-05,2.5458746e-05,4.9056968e-05,1.528327e-05,1.2583614e-05,2.9989766e-05,0.00011628469,0.99914711
20171212-100128-1.jpg,8,8,4.8404153e-05,5.7965716e-05,3.6305314e-05,0.00013085504,1.4204265e-05,1.9438505e-05,1.5679278e-05,8.0538608e-05,0.99959661
20171212-100154-3.jpg,8,8,5.0854989e-05,0.00027045911,4.2409151e-05,0.00040604893,3.191139e-05,2.4492428e-05,4.0457877e-05,0.00012640742,0.99900696
20171212-100236-3.jpg,8,8,0.00069127932,0.000350213,0.00019595662,0.0008188099,0.00026885303,2.8189449e-05,5.7264837e-05,0.0022669382,0.9953225
20171212-100257-1.jpg,8,8,0.0001603651,3.9806969e-05,3.1986056e-05,4.8739107e-05,8.3244929e-06,2.9087382e-05,1.4749257e-05,0.0001107896,0.99955615
20171212-100328-1.jpg,8,8,0.00084679819,0.00052951252,3.892845e-05,0.00046933633,7.3438511e-06,2.2520802e-05,2.0540408e-05,0.00082213555,0.99724288
20171212-100359-1.jpg,8,8,0.00065917247,0.00011158936,0.00017691339,0.00028228279,0.000192632,0.00012608293,0.00010564522,0.00071047723,0.9976352
20171212-100403-3.jpg,8,8,0.00010722478,4.1930457e-05,4.7960953e-05,6.3262847e-05,1.3404026e-05,5.588325e-05,1.2952925e-05,0.00025090716,0.99940647
20171212-100412-1.jpg,8,8,0.025895171,0.0035040518,3.1905926e-05,0.0047824732,0.00010563113,6.400458e-05,4.5895315e-05,0.03292196,0.93264891
20171212-100437-3.jpg,8,8,7.3320875e-05,5.1730513e-05,2.5981307e-05,5.0224296e-05,1.2244652e-05,8.8666358e-05,1.2134691e-05,6.0971124e-05,0.99962473
20171212-100531-3.jpg,8,8,7.1223033e-05,3.884283e-05,2.863956e-05,5.7283423e-05,1.7871582e-05,3.8074177e-05,3.6857293e-05,3.7379188e-05,0.99967383
20171212-100553-3.jpg,8,8,8.874707e-05,0.00014741953,3.7667377e-05,7.6594461e-05,1.0536462e-05,2.336676e-05,9.4734038e-06,6.7607164e-05,0.99953859
20171212-100614-3.jpg,8,8,0.0002661349,6.3628645e-05,4.8745557e-05,0.00013705896,7.3096899e-05,3.4566871e-05,2.4591496e-05,0.00036019119,0.99899199
20171212-100627-1.jpg,8,8,0.0003744554,6.6525424e-05,5.9873407e-05,5.8894664e-05,2.172033e-05,2.5744835e-05,1.6162648e-05,0.00020145338,0.99917517
20171212-100705-1.jpg,8,7,0.016610014,0.0072462558,0.00010420768,0.00035798087,0.00013185737,0.0008800993,0.00023825939,0.70770939,0.26672194
20171212-101605-3.jpg,8,8,0.099201766,0.013716579,0.00053736444,0.1815991,0.056136704,0.00010343818,0.00044680884,0.013679207,0.63457903
20171212-101707-3.jpg,8,8,0.00017832427,0.00073720055,6.1259756e-05,0.0003968367,3.9167608e-05,4.0259204e-05,0.00011080356,0.00010348764,0.99833266
20171212-101811-3.jpg,8,8,0.001210896,0.020719818,0.00018140521,0.0081243824,0.00039301381,2.5685053e-05,0.00046665548,0.0048835805,0.96399456
20171212-102030-3.jpg,8,8,0.00022257665,0.00014703062,7.1946545e-06,5.2844967e-05,4.3009557e-06,1.5654991e-05,4.4908017e-06,0.00026083958,0.99928507
20171212-102031-3.jpg,8,8,0.0058407683,0.00010641255,7.9023328e-06,0.00067485577,0.00026190113,1.2549508e-05,1.5270764e-05,0.0034279583,0.98965238
20171212-102128-3.jpg,8,8,0.0014977869,0.00053681924,9.0483334e-05,0.00063667158,0.00034305937,4.9960221e-06,5.000196e-05,0.00015937089,0.99668081
20171212-102223-3.jpg,8,8,0.00050737497,0.00015942436,2.9493355e-05,3.0849466e-05,9.6659055e-06,4.7411989e-05,7.0073015e-06,0.0002997733,0.998909
20171212-102312-3.jpg,8,8,0.0046108154,0.00025408481,0.00012706395,0.00071639739,0.00031366213,1.4435322e-05,4.8619854e-06,0.0068287387,0.98712994
20171212-102352-3.jpg,8,8,0.0089714588,0.00045963516,0.00016513741,0.0011977623,5.0870833e-05,2.4422254e-05,2.5677055e-05,0.0050315075,0.98407353
20171212-102425-3.jpg,8,8,0.0004332231,0.0047373255,0.00025845954,0.0006013544,0.00011006941,3.7925122e-05,0.00042602112,0.00011888288,0.99327674
20171212-102523-3.jpg,8,8,0.00081072502,0.0024332741,9.1709965e-05,0.00016705196,6.1942103e-05,2.4827293e-05,1.7637148e-05,0.00082045866,0.99557237
20171212-102803-3.jpg,8,1,0.0018024702,0.56048948,0.00038959723,0.00067379007,0.00010397253,0.0001458996,0.00032472283,0.0011594424,0.43491062
20171212-102928-3.jpg,8,8,0.0019820898,0.00085018123,2.0857925e-05,0.0004639271,3.5333834e-05,7.2694067e-05,5.4285546e-05,0.00039985586,0.99612077
20171212-103805-3.jpg,8,8,0.0041748137,0.02116476,9.7607546e-05,0.0014007649,0.00011736569,0.00012156485,6.3863472e-05,0.0019543849,0.97090487
20171212-103853-3.jpg,8,8,0.026876489,0.034082871,0.00014012815,0.0003730722,0.00055789769,0.00033055325,3.5714078e-05,0.010507088,0.92709619
20171212-104215-3.jpg,8,8,0.0024587718,0.00084995404,8.2890703e-05,0.00010990801,0.00064357475,4.8564939e-05,4.1268972e-06,0.0007585245,0.99504368
20171212-104309-3.jpg,8,8,0.00058304747,0.0012468892,4.9819067e-05,0.0010105904,0.00012911702,0.00059803534,3.773702e-05,0.0022142817,0.99413048
20171212-104332-3.jpg,8,8,0.0027561128,0.00054737058,7.2924966e-05,0.00023717377,2.3862248e-05,0.00012374779,3.6531684e-06,0.0037578847,0.99247727
20171212-104850-3.jpg,8,8,9.4884125e-05,0.00011744796,2.759669e-05,7.0646247e-05,2.4718595e-05,9.4449404e-05,6.6725966e-06,7.97598e-05,0.99948382
20171212-104939-3.jpg,8,8,0.001216501,0.0007969743,0.00010260482,0.00037930844,5.0710468e-05,0.00030711943,1.2715317e-05,0.0033779793,0.99375609
20171212-105011-3.jpg,8,8,0.0014973691,0.0051696408,8.6613357e-05,0.00094028916,0.00032712463,0.00061717831,3.00312e-05,0.0046420469,0.98668971
20171212-105035-3.jpg,8,8,9.9337703e-05,0.00033430171,3.3223916e-05,0.00012342405,1.7651463e-05,8.0743703e-05,1.0535404e-05,7.511154e-05,0.99922567
20171212-105237-3.jpg,8,8,0.10571019,0.00056971512,0.00024470718,0.037187971,0.00052381263,0.00017114292,0.0008029463,0.0070834401,0.84770607
20171212-105254-3.jpg,8,8,0.0071889987,0.0083136207,0.00017760795,0.0074108009,0.00028192267,1.735941e-05,5.736024e-05,0.0067883519,0.96976398
20171212-105430-3.jpg,8,8,0.0089157313,0.0036523592,0.00019124586,0.0035230907,0.0025740801,1.2013294e-05,2.7796081e-05,0.0080345038,0.97306918
20171212-105614-3.jpg,8,8,0.0088222683,0.011339458,7.8939313e-05,0.0034626189,0.00050118949,2.4929591e-05,1.8928495e-05,0.0021072628,0.97364441
20171212-105731-3.jpg,8,8,0.0048751948,0.02138604,0.00048905604,0.0035297305,0.0006504452,7.1473105e-05,0.00014962688,0.0018371436,0.96701129
20171212-105742-3.jpg,8,8,0.00023394797,0.0001119245,7.2207754e-06,0.0001691915,8.5708046e-05,8.6686386e-06,1.7169356e-05,6.9115373e-05,0.99929705
20171212-110050-3.jpg,8,8,0.0003447032,0.00080224556,0.00012632884,0.00047392223,8.5458096e-05,3.0946535e-05,2.620426e-05,0.00011912782,0.99799106
20171217-103432-2.jpg,8,8,0.0039937782,0.010707933,0.00064429872,0.00011924,0.0006312342,0.010801781,0.00011513463,0.0014735391,0.97151306
20171217-103537-2.jpg,8,8,0.013918471,0.025337818,0.002379,0.0077046859,0.0026573153,0.016361865,0.00054892849,0.022940098,0.90815182
20171217-103616-2.jpg,8,8,0.002200773,0.00035529619,0.013319453,0.0067452053,0.00093377403,0.0084491128,0.00019334633,0.0011296799,0.96667336
20171217-115550-2.jpg,8,8,0.00012963637,0.00010346713,4.2564231e-05,5.6447378e-05,4.7167115e-05,1.6772792e-05,2.1371671e-05,0.0010682299,0.99851434
20171217-183442-2.jpg,8,8,0.0074719664,0.0010861309,0.00019023428,0.0022105845,0.002420175,0.0056336318,3.3446015e-05,0.0024068737,0.97854696
20171217-183506-2.jpg,8,8,0.0031881677,0.0015140762,0.0020428584,0.0074369796,0.003100859,0.030861306,0.00019566189,0.027589097,0.92407099
20171217-183514-2.jpg,8,8,0.052343999,0.0077671629,0.0081245836,0.018281368,0.0055235508,0.26147354,0.00097262777,0.037566759,0.60794641
20171217-183635-2.jpg,8,0,0.82448244,0.013666054,0.0002224418,0.0058528603,0.0033609439,0.012989722,4.2850335e-05,0.11946008,0.01992261
20171217-183729-2.jpg,8,8,0.00030417874,0.00060432055,0.0032831015,0.00057580103,0.2408668,7.2910095e-05,0.00018142633,0.00021625801,0.7538952
20171217-183949-2.jpg,8,8,0.00097978845,0.0010140386,0.00052906115,8.1420892e-05,0.0006509213,0.0029726562,8.3516957e-05,0.00019401291,0.99349458
20171217-184011-2.jpg,8,8,0.0027899091,0.030033445,0.002297702,0.00015133509,0.00091845329,0.038936555,0.0012277626,0.00011188364,0.92353295
20171217-184047-2.jpg,8,1,0.003180455,0.96366628,0.00047747106,0.00019073143,9.9991605e-05,0.0096700123,0.00072610742,0.00017078004,0.021818173
20171217-184108-2.jpg,8,8,0.0069621417,0.0081147633,0.0095723387,0.17584586,0.0055161151,0.090717279,0.0010021862,0.046241133,0.65602818
20171217-184116-2.jpg,8,8,0.013781262,0.014289357,7.458597e-05,9.8041587e-05,1.6443547e-05,0.0025142574,0.00027956701,0.0010366692,0.96790982
20171217-184519-2.jpg,8,8,0.026133897,0.025755251,0.0003752765,0.00012384313,0.00016590953,0.39364157,0.00068519938,0.0018065382,0.55131252
20171217-184608-2.jpg,8,8,0.002262268,0.018073484,0.00027619928,5.1480265e-05,0.00030374925,0.049175518,0.0010566904,0.0072290967,0.92157151
20171217-184732-2.jpg,8,5,0.0010570054,0.016046724,0.00040479493,0.00035359906,7.4958495e-05,0.91618274,0.0019520956,0.00028518033,0.063642903
20171217-185004-2.jpg,8,8,0.0031011092,0.028514626,0.00063507868,0.0016989848,7.1587226e-05,0.013840369,8.7129623e-05,0.0042705034,0.94778061
20171218-103414-2.jpg,8,8,0.072847517,0.078196947,0.00035014784,0.0029266006,0.00063975038,0.00049697502,7.4741105e-05,0.014122081,0.83034524
20171218-103624-2.jpg,8,7,0.014433866,0.005497639,0.00025013598,0.0082731927,0.00023204139,0.0028294051,0.0011172128,0.94438944,0.022977068
20171218-103929-3.jpg,8,8,9.7180944e-05,0.0002169997,2.1853065e-05,4.2170594e-05,1.7443471e-05,2.5629106e-05,5.0339565e-05,7.7075937e-05,0.99945131
20171218-104002-3.jpg,8,8,4.4339665e-05,5.9673692e-05,1.4279302e-05,2.5141558e-05,1.3652433e-05,3.1928498e-05,9.2432788e-05,0.00015511786,0.99956343
20171218-104122-3.jpg,8,8,0.00057123367,0.011450185,0.00016299295,0.00041261005,4.6522684e-05,0.0010512844,0.00015077825,8.6048194e-05,0.98606834
20171218-104150-2.jpg,8,8,0.0012288681,0.17570199,0.0022397715,0.0016764765,0.00024772197,0.0054321504,0.0013840596,0.055452515,0.75663645
20171218-104227-2.jpg,8,5,0.14723747,0.14284564,0.016693229,0.16152478,0.0042123265,0.33657819,0.0012423245,0.062418047,0.12724799
20171218-104431-2.jpg,8,8,0.0032706388,0.00215956,0.00047332139,0.0037837634,0.0014812465,0.0077423835,0.0087232942,0.00042734471,0.97193845
20171218-104826-3.jpg,8,8,5.1551612e-05,4.1108376e-05,1.4074346e-05,3.1771668e-05,6.8805676e-06,1.083556e-05,1.1355903e-05,5.1364751e-05,0.99978106
20171218-104904-3.jpg,8,8,0.00091161894,0.00019642784,7.2609472e-05,3.2612268e-05,4.4908186e-06,0.00078808601,0.00016019775,0.00059633967,0.99723762
20171218-104928-2.jpg,8,8,0.0001678174,0.00048546363,0.00030570474,5.8277371e-05,0.00017137759,0.00054256028,8.0930082e-05,0.00019487501,0.99799299
20171218-105052-2.jpg,8,8,0.072519188,0.028888486,0.00022608939,0.0064146609,0.0024975007,0.00091108027,6.9151137e-05,0.013420946,0.8750529
20171218-105147-2.jpg,8,8,0.023891683,0.026483214,0.011116268,0.0018249055,0.00013290114,0.042673555,0.00045201704,0.0015522466,0.89187321
20171218-105200-2.jpg,8,8,9.1312118e-05,0.00035252806,0.00016024445,6.8706788e-05,3.5094918e-05,0.00021118573,7.4758444e-05,5.4960742e-05,0.99895121
20171218-105319-3.jpg,8,8,0.00013341923,0.00056859282,8.3442062e-05,8.6987037e-05,1.9747736e-05,4.9599089e-05,6.4853421e-05,2.9365293e-05,0.99896399
20171218-105544-3.jpg,8,8,0.00055388915,0.010828725,0.0001916524,0.00014901398,2.0096807e-05,0.00013865468,0.00037780242,0.0008012841,0.98693888
20171218-105746-3.jpg,8,8,0.00013502498,0.00017630183,3.8603068e-05,0.00011698001,4.9988762e-05,5.6865533e-05,1.8644866e-05,0.00041613476,0.99899146
20171218-105835-3.jpg,8,8,8.8056029e-05,6.5456327e-05,2.1090906e-05,6.699262e-05,1.2594347e-05,1.7760486e-05,6.022235e-06,0.00022847147,0.99949356
20171218-110251-3.jpg,8,8,0.00094328153,0.0021135735,0.00028290492,6.2956478e-05,2.4584877e-05,3.3709466e-05,8.7547118e-06,0.00049999161,0.99603024
20171218-110305-2.jpg,8,8,0.01580599,0.0017935432,0.0011923546,0.0025239958,0.0027446583,0.0074013122,9.5584756e-05,0.015420298,0.95302226
20171218-110342-2.jpg,8,8,0.00037950132,0.00016097305,0.00015801562,0.00021787794,0.00018045066,0.00041252457,2.4441515e-05,0.00020951608,0.9982567
20171218-110357-2.jpg,8,8,0.00019552954,0.00039309284,0.00012084948,7.5658008e-05,0.00010328811,0.0033121057,0.00010116323,5.606301e-05,0.99564225
20171218-110527-2.jpg,8,8,0.005135916,0.0029360953,7.5629094e-05,0.00020255937,0.00012744325,0.0010983021,8.7403896e-05,0.0011464737,0.98919018
20171218-110555-3.jpg,8,8,0.00015460083,0.00027613723,3.158261e-05,4.0270676e-05,1.5748289e-05,2.5107022e-05,1.4893647e-05,0.00023765322,0.99920401
20171218-110809-3.jpg,8,8,0.0015886194,0.00084782935,0.00039788271,0.00028015071,0.00046489796,0.0019093114,6.7158564e-05,0.00038337819,0.99406077
20171218-110810-3.jpg,8,8,0.00027072367,5.109179e-05,4.7763418e-05,6.7265606e-05,0.00010858771,6.7685137e-05,6.1295884e-06,0.00043459177,0.99894616
20171218-110916-2.jpg,8,8,0.0420669,0.00082779544,0.00086004419,0.0040623436,0.00036993046,0.00044004445,0.00039859712,0.0080121226,0.94296222
20171218-110942-3.jpg,8,8,0.00017123231,0.00022410597,6.2120464e-05,0.0013827999,2.9549179e-05,0.00070590466,9.9524905e-05,0.00069714667,0.99662762
20171218-111008-3.jpg,8,8,0.00012976937,0.00011038693,3.3528931e-05,5.4611186e-05,1.3892568e-05,0.00018215925,1.3155316e-05,6.4678212e-05,0.99939782
20171218-111019-2.jpg,8,0,0.94081072,0.0027325684,0.00021226087,0.00052486665,0.0016946907,0.00019408897,1.7500892e-05,0.0038587803,0.049954523
20171218-111124-3.jpg,8,8,6.5934086e-05,0.00015852669,2.013607e-05,4.5350042e-05,3.0933932e-05,2.4045717e-05,1.0417146e-05,6.224025e-05,0.99958242
20171218-111125-3.jpg,8,8,0.00023158262,8.2829555e-05,3.5765589e-05,2.5456019e-05,1.93738e-05,7.3963045e-05,1.0481534e-05,0.00018774494,0.9993328
20171218-111152-2.jpg,8,8,6.3568076e-05,8.0018652e-05,2.8224865e-05,2.4347422e-05,1.5083473e-05,9.7359538e-06,1.1893744e-05,0.00015210093,0.99961503
20171218-111211-3.jpg,8,8,0.00028992667,8.8145345e-05,3.693713e-05,6.3071485e-05,2.7253575e-05,6.1996051e-05,1.447485e-05,0.00032136267,0.99909683
20171218-111405-2.jpg,8,8,0.051690237,0.00045869145,0.0039557456,0.00037805068,0.00051761746,0.00024202361,4.9770543e-05,0.0035501564,0.93915771
20171218-111415-2.jpg,8,8,0.0041191273,0.00043338456,0.011347588,0.00018060206,0.0027971313,5.3301817e-05,6.0725381e-05,0.0012975509,0.97971059
20171218-111452-2.jpg,8,8,0.038112609,0.0010903099,0.00014246899,0.017723982,0.00017579955,9.1871107e-05,2.1952807e-05,0.0020950306,0.94054598
20171218-111506-2.jpg,8,8,0.0025590702,0.00070894289,0.014090466,0.0002762702,0.011190457,7.6508102e-05,0.00012015907,0.0015950166,0.96938311
20171218-111539-2.jpg,8,8,0.00057075795,0.00011609358,1.4415843e-05,0.00092128751,1.586698e-05,1.0830499e-05,7.2835278e-06,0.00020926272,0.9981342
20171218-111742-3.jpg,8,8,0.00016317491,0.00021929334,9.803012e-05,1.0966236e-05,2.6140898e-05,0.00076392576,4.9029369e-05,0.00026623448,0.9984032
20171218-112135-3.jpg,8,8,0.0001340297,0.00020348714,4.9949923e-05,3.2096391e-05,1.6761286e-05,7.6385616e-05,1.6982908e-05,8.3585528e-05,0.99938672
20171218-112608-3.jpg,8,8,6.9215152e-05,9.9115908e-05,9.9699647e-05,3.6508701e-05,4.2997258e-05,6.1352068e-05,0.00016180686,5.9452683e-05,0.99936985
20171218-113230-3.jpg,8,8,0.00082873342,0.00025461782,0.00045824661,0.0011764868,0.00021006354,0.00030565573,6.9490031e-05,0.00018681703,0.99650989
20171218-113540-3.jpg,8,5,0.00042674133,0.0006873693,0.0015776518,0.00072987525,0.00011617252,0.53744048,0.0010059579,0.00079403372,0.45722171
20171218-114804-2.jpg,8,8,0.02675409,0.019483618,0.0022854798,0.017337229,0.0019446193,6.3565887e-05,5.0434834e-05,0.0092213095,0.92285965
20171218-114829-3.jpg,8,8,4.5299555e-05,0.00030466421,8.1693322e-05,0.0002503903,1.8629737e-05,0.00082777842,0.00045104946,1.2819165e-05,0.99800768
20171218-115026-3.jpg,8,8,0.00069041927,0.00087598468,0.00024701895,8.4177358e-05,7.6612701e-05,0.0081553046,6.3421717e-05,0.00060756121,0.9891995
20171218-115240-2.jpg,8,8,5.5464798e-05,0.00035812185,1.0201139e-05,5.6154082e-05,9.2388155e-06,1.8796584e-05,3.7522643e-05,7.0827522e-05,0.99938367
20171218-115348-3.jpg,8,5,0.0026599017,0.0012700522,0.0010511166,0.0012898542,0.00014780004,0.58490819,0.00035444166,0.00069595651,0.40762269
20171218-115503-3.jpg,8,8,0.0021327048,0.00018134867,0.00031729394,0.00043333559,9.4310645e-05,0.11390093,0.00020816383,0.00037253038,0.88235938
20171218-120003-3.jpg,8,8,0.00017868396,0.00015111852,0.00013619833,0.00010764518,0.00010809152,0.0050278643,0.00013511787,9.3399994e-05,0.99406188
20171218-120009-2.jpg,8,8,9.4457381e-05,5.6576636e-05,5.8916272e-05,4.7323107e-05,1.9731391e-05,2.1279504e-05,2.6451954e-05,0.00012054324,0.99955472
20171218-120115-3.jpg,8,8,0.0001242401,5.2438338e-05,5.9457018e-05,3.7633721e-05,1.6473312e-05,0.00080006111,4.1724456e-05,0.00010953357,0.99875844
20171218-120204-2.jpg,8,8,0.00016542485,8.140983e-05,2.1671685e-05,4.1184997e-05,2.3582626e-05,9.396264e-06,4.4456108e-06,6.0359217e-05,0.99959252
20171218-120252-2.jpg,8,8,0.00036270399,6.503081e-05,9.2177096e-05,0.00010247679,5.4976324e-05,7.0032085e-05,4.4803563e-05,4.7357706e-05,0.99916044
20171218-120446-2.jpg,8,8,0.00067572577,8.0507349e-05,0.00012273318,0.00040140024,3.6057107e-05,0.00056671933,7.7284126e-05,0.00022964803,0.99780992
20171218-120628-2.jpg,8,8,0.00051432576,0.00018756974,3.3612606e-05,0.00011881373,7.0689683e-05,2.2786816e-05,3.6798353e-05,0.00010683411,0.99890857
20171218-120712-2.jpg,8,8,0.00013772553,4.1217339e-05,3.6913414e-05,0.00010217605,3.3678416e-05,8.4027889e-05,3.9101147e-05,0.00011145192,0.99941371
20171218-120733-3.jpg,8,8,0.0006750657,0.00028111978,0.00018854509,3.1324426e-05,0.00025484797,0.00026638623,0.0010575048,0.00035362788,0.99689158
20171218-120814-2.jpg,8,8,0.00040869697,0.00010617698,5.2270011e-05,2.5632951e-05,2.3762854e-05,0.00016785776,1.3460435e-05,7.4906537e-05,0.99912724
20171218-120855-2.jpg,8,8,0.0001878876,3.7475296e-05,2.4725193e-05,6.8921247e-05,9.3013441e-06,2.0009868e-05,3.2816368e-05,7.1076883e-05,0.99954779
20171218-120917-3.jpg,8,8,0.00058648664,0.00025334584,0.00015863596,0.0002138622,2.6098266e-05,0.0052659432,0.0017105711,0.00022155997,0.9915635
20171218-121152-3.jpg,8,8,0.00021438844,0.00031966998,0.00026162905,2.68723e-05,1.752642e-05,0.017975286,0.0019116469,0.00011961519,0.97915337
20171218-121231-3.jpg,8,8,0.00010497206,0.00010591878,5.7239917e-05,1.7973826e-05,1.3274993e-05,0.0021215601,8.5356654e-05,4.6262954e-05,0.99744744
20171218-121237-2.jpg,8,8,0.00041617172,4.995827e-05,3.1891668e-05,3.9806293e-05,3.4155657e-05,5.7684427e-05,1.3597141e-05,6.0021858e-05,0.99929671
20171218-121328-3.jpg,8,8,0.0037457264,0.00099117858,4.0207986e-05,8.027469e-05,3.7969992e-05,0.0024142143,0.00018364744,0.0019881634,0.99051862
20171218-121356-2.jpg,8,8,0.00024108675,6.1632324e-05,2.2271921e-05,0.00013895281,4.1322006e-05,2.5130656e-05,1.3562121e-05,0.00055110694,0.99890493
20171218-121457-3.jpg,8,5,0.00049830018,0.00036272911,0.00061789589,0.00020769102,7.5174324e-05,0.81438713,0.00042482875,0.00015185595,0.18327439
20171218-121510-3.jpg,8,8,0.0016063453,0.00070846377,0.0010067306,0.00011036586,0.00010170433,0.23747961,0.0014651255,0.00050234511,0.75701931
20171218-121638-2.jpg,8,8,0.00023543062,0.00026761526,4.0811599e-05,3.388218e-05,4.757486e-06,5.4476582e-05,8.5707825e-06,8.2248443e-05,0.99927221
20171218-121655-2.jpg,8,8,0.00020663396,0.00020252831,1.0801463e-05,7.508279e-05,2.9379508e-06,2.957758e-05,3.1823876e-05,0.00016842828,0.99927219
20171218-121708-3.jpg,8,8,0.0009865626,0.00015133912,0.00096031263,0.0049827499,0.0032506961,0.046435585,0.00077948866,0.0037353782,0.93871789
20171218-121856-3.jpg,8,8,0.0010474659,0.00025960246,0.0010679335,0.0043847099,0.002544157,0.0030527608,0.00030891302,0.0017269542,0.9856075
20171218-121944-3.jpg,8,8,0.00036406566,4.111714e-05,0.00019382115,0.00035250895,0.00019702733,0.00047948486,0.00014213936,0.0002028877,0.99802695
20171218-121959-3.jpg,8,8,0.00029807577,0.00014405923,0.00036220622,0.00087816951,0.00032780466,0.0010851352,0.00011072384,0.00038203423,0.99641179
20171218-122026-2.jpg,8,8,0.00057098287,0.00032251234,6.6370966e-05,0.00020303306,5.7277693e-05,3.5236636e-05,1.7489955e-05,0.00039440073,0.9983327
20171218-122047-2.jpg,8,8,0.00025539091,8.3600279e-05,2.8758423e-05,0.00020599499,4.5410047e-05,5.0148227e-05,5.5604084e-05,4.5620348e-05,0.99922947
20171218-122058-3.jpg,8,8,0.00030822114,0.00016069192,9.2347168e-05,0.0015600549,0.00083969646,0.00091778231,0.00032176038,0.0004594482,0.99534
20171218-122135-2.jpg,8,8,0.0013439706,0.00015064422,2.1022545e-05,0.00046835591,1.56458e-05,1.2498107e-05,7.17981e-05,0.00033755185,0.99757851
20171218-122147-2.jpg,8,8,0.00023055398,0.00010256542,9.5373753e-05,0.00015693075,1.297346e-05,2.7038962e-05,2.4769204e-05,0.00023674202,0.99911305
20171218-122156-2.jpg,8,8,0.00015703268,9.2608635e-05,3.2561829e-05,6.122858e-05,2.971553e-05,1.9442812e-05,2.8706975e-05,0.000112741,0.99946596
20171218-122235-2.jpg,8,8,0.00026594585,0.00037837187,0.00017290827,0.0002161146,4.3026148e-05,0.0002716111,4.3059027e-05,0.00014200926,0.99846695
20171219-092731-3.jpg,8,8,0.00029665108,1.7000794e-05,1.6105585e-05,8.0763432e-05,2.4498409e-05,1.0796314e-05,1.5402425e-05,0.00016410622,0.99937468
20171219-092736-2.jpg,8,8,0.00036776006,0.00016776754,3.8015933e-05,0.00070080096,8.9918784e-06,2.8109524e-05,8.408875e-06,0.00010521094,0.99857493
20171219-092807-3.jpg,8,8,0.00030547114,2.1494536e-05,7.4964189e-06,9.7965057e-05,3.8481873e-05,1.1261887e-05,2.5238045e-06,0.00035295586,0.99916235
20171219-092922-2.jpg,8,8,0.00025370975,2.5093511e-05,2.0990925e-05,9.7667154e-05,7.2528642e-05,2.071136e-05,9.7786821e-06,0.00027658672,0.99922293
20171219-093001-2.jpg,8,8,0.0011621509,4.9815702e-05,9.6909642e-05,0.00035502248,3.7987299e-05,0.0028390554,4.7316925e-05,0.00074296822,0.99466877
20171219-093103-3.jpg,8,8,0.029989052,0.034647854,8.8304755e-05,0.00062854713,4.9225632e-05,0.0026283616,0.00082814802,0.0024201748,0.92872033
20171219-093202-3.jpg,8,7,0.22223055,0.026330463,0.00070684387,0.0029594972,0.0051683453,0.0010236544,0.00091891948,0.49539583,0.2452659
20171219-093257-2.jpg,8,8,0.037332599,0.00024500371,0.0080284565,0.0038379195,0.0021359559,0.0019560906,0.00016041765,0.0090755185,0.93722804
20171219-093341-3.jpg,8,8,0.018439462,0.0019771119,9.6219576e-05,0.0045217661,0.0001373735,0.00018748472,0.00023550717,0.036318638,0.93808644
20171219-093659-2.jpg,8,8,0.032142929,0.0010153644,0.0034642807,0.038802778,0.00039306586,0.0001861064,3.1759726e-05,0.0020236491,0.92194007
20171219-093807-2.jpg,8,8,0.010588056,0.00020783048,0.0005004525,0.00073722799,1.8481958e-05,0.00036415484,2.3584541e-05,0.0035780454,0.98398217
20171219-093904-2.jpg,8,8,0.0041684358,5.0108381e-05,0.00036215575,0.00011578136,1.7388288e-05,0.0001224615,1.3818528e-05,0.00029766319,0.99485219
20171219-094001-3.jpg,8,8,0.039401734,0.034086157,0.00021347343,0.00036594257,7.2643681e-05,0.00011928321,2.4128343e-05,0.019675354,0.90604128
20171219-094115-2.jpg,8,8,0.022297017,0.00025022885,0.000916754,0.00087117788,9.6215703e-05,0.00096368232,3.3301543e-05,0.00975236,0.96481926
20171219-094128-3.jpg,8,8,0.00031149068,0.001140219,2.6529641e-05,2.7596186e-05,1.0145665e-05,0.00012327424,2.5560006e-05,0.00010727649,0.99822791
20171219-094130-2.jpg,8,8,0.0010257586,5.0979417e-05,0.00014612579,0.00032721561,7.5787266e-05,0.00021447937,7.6257159e-05,0.00020407493,0.99787932
20171219-094213-2.jpg,8,8,0.0019019777,4.2610948e-05,6.4692829e-05,0.00021978755,3.303163e-05,2.9035499e-05,1.122345e-05,0.0028192943,0.99487835
20171219-094325-3.jpg,8,8,0.00048144011,0.00023974167,2.6017402e-05,0.00025470105,1.6305413e-05,7.0018438e-05,2.5579016e-06,0.00016915507,0.99874006
20171219-094325-2.jpg,8,8,0.00015166097,8.5885648e-05,3.7894871e-05,9.6341611e-05,1.0519664e-05,2.1439523e-05,3.370622e-05,0.00010792027,0.99945463
20171219-094335-2.jpg,8,8,0.0002025348,0.00031083958,5.8384889e-05,0.00023243271,5.6874692e-06,1.4667655e-05,1.5498885e-05,0.00012703922,0.99903291
20171219-094406-3.jpg,8,8,0.00019589232,4.8862716e-05,5.5331464e-06,7.3853931e-05,1.1704214e-05,1.4712265e-05,8.4575676e-06,6.8952083e-05,0.99957203
20171219-094517-3.jpg,8,8,0.021061611,0.018793413,0.00045006264,0.0016641878,0.00024593165,0.00025304892,9.1165708e-05,0.00046749581,0.95697308
20171219-094754-2.jpg,8,8,8.161117e-05,0.00011907131,5.4611735e-05,2.3234312e-05,4.3124761e-06,2.07341e-05,1.973008e-05,7.3947685e-05,0.99960275
20171219-094839-2.jpg,8,8,0.0024061235,9.1059458e-05,0.00016730717,0.00011140915,1.3839535e-05,0.00011694017,3.3416092e-05,0.00075289999,0.996307
20171219-094915-2.jpg,8,8,0.0009025108,3.8199825e-05,3.2052391e-05,0.0001215163,1.1090576e-05,6.4875189e-05,2.4936283e-05,0.00027121942,0.9985336
20171219-094930-3.jpg,8,8,0.00012908905,5.8328897e-05,3.1011727e-05,2.2518535e-05,3.4286424e-06,3.3456841e-05,1.2178215e-05,0.00010696523,0.99960302
20171219-095036-2.jpg,8,8,0.0001038786,0.0013111629,1.6005117e-05,1.4516247e-05,4.807546e-06,2.8005344e-05,2.2492552e-05,0.00013197732,0.99836715
20171219-095140-3.jpg,8,8,9.5473451e-05,4.3068046e-05,3.1246986e-05,2.2719036e-05,7.6442495e-06,2.6841008e-05,6.7363445e-06,3.388337e-05,0.99973239
20171219-095213-3.jpg,8,8,8.497055e-05,3.2531263e-05,1.1150978e-05,5.653521e-05,5.7375084e-06,6.001647e-06,5.7847512e-06,7.9952703e-05,0.99971734
20171219-095245-2.jpg,8,8,5.5555439e-05,0.00022129645,1.2476511e-05,2.6776372e-05,5.3196686e-06,3.9060649e-06,9.4618359e-06,4.5764277e-05,0.99961944
20171219-095246-2.jpg,8,8,0.0025439342,0.0067464929,2.6324082e-05,7.649281e-05,8.8835443e-06,7.4228269e-05,2.3304072e-05,0.0015016903,0.98899865
20171219-095250-3.jpg,8,8,0.00084686545,0.00023456452,5.2790733e-05,0.00088066281,0.0001828342,7.3274156e-06,2.9370078e-05,0.0014027966,0.99636279
20171219-095321-2.jpg,8,8,0.00024597473,0.00019484537,1.1453594e-05,1.3808239e-05,1.366876e-05,6.3611552e-06,2.1374599e-05,0.00019144849,0.99930107
20171219-095343-2.jpg,8,8,0.00017921999,0.00084521433,3.007571e-05,1.6410558e-05,5.8576768e-06,9.8130804e-06,1.0404187e-05,0.00013828229,0.99876472
20171219-095353-2.jpg,8,8,0.0001377247,0.00031512477,1.1008784e-05,2.1627519e-05,2.2904559e-05,7.3180439e-06,1.7949989e-05,0.00012456573,0.99934178
20171219-095359-3.jpg,8,8,0.00015915756,0.00012360516,4.9447133e-06,3.7881192e-05,8.1302113e-06,9.1782223e-06,6.0685634e-06,7.2723367e-05,0.99957831
20171219-095638-3.jpg,8,8,0.0073722322,0.00026547861,1.4547899e-05,6.8215936e-05,6.8831366e-05,1.2858629e-05,2.3056036e-05,0.0029181258,0.98925665
20171219-095730-2.jpg,8,8,0.00016669769,2.9160188e-05,2.8723186e-05,6.9387861e-05,6.3608492e-06,2.9573358e-05,7.5379613e-06,7.8459203e-05,0.9995841
20171219-095801-3.jpg,8,8,0.0004936188,0.00077054944,1.376886e-05,4.0462049e-05,1.3981013e-05,1.1291407e-05,3.244681e-06,0.00020133794,0.99845175
20171219-095803-2.jpg,8,8,0.00011583568,4.0856819e-05,2.0543975e-05,3.5257342e-05,3.1488414e-06,1.3250517e-05,1.4431775e-05,0.00013609595,0.99962058
20171219-095804-2.jpg,8,8,0.00011375227,3.3429873e-05,1.4926119e-05,3.7919526e-05,3.3531109e-06,8.3533145e-06,7.9948138e-06,4.1724993e-05,0.99973855
20171219-095814-2.jpg,8,8,0.00056140014,0.00029194586,1.6315029e-05,0.00059531467,2.1339063e-05,9.1945294e-06,5.1355635e-06,7.3533749e-05,0.99842582
20171219-095817-3.jpg,8,8,0.0003022124,0.00010858895,1.0729649e-05,0.00010042687,1.2140688e-05,1.6652349e-05,4.1061117e-06,0.00022422726,0.99922092
20171219-100000-2.jpg,8,8,0.0011579923,0.00011745335,0.00016036578,0.00047427813,8.2485527e-06,3.7714786e-05,8.3923212e-06,0.00054584566,0.99748971
20171219-100242-3.jpg,8,8,0.00013861193,0.00011511859,1.5684975e-05,3.3592134e-05,2.1367372e-05,6.7187387e-06,9.7165216e-06,7.823473e-05,0.99958096
20171219-100301-3.jpg,8,8,0.033750594,0.012795583,0.00017184101,0.00089558667,0.0012539212,3.9994087e-05,1.9028477e-05,0.0096869782,0.94138647
20171219-100344-2.jpg,8,8,0.0089595115,0.00022846227,0.00033110325,0.00023866167,8.5890115e-05,0.00025474844,5.0006066e-05,0.026560789,0.96329083
20171219-100345-2.jpg,8,8,0.025094595,0.00076494291,0.0034969392,0.00088977664,1.7246853e-05,0.0030049407,6.9685001e-05,0.0040825274,0.96257935
20171219-100442-2.jpg,8,8,0.00051279731,0.0031033029,0.0001173935,0.0015063341,0.00012421603,6.824023e-06,1.2139967e-05,0.00022166849,0.99439532
20171219-100454-2.jpg,8,8,0.00079825743,0.0022459076,6.9458305e-05,0.00062559089,4.6252065e-05,6.6421017e-06,7.8595443e-06,0.0003279508,0.99587208
20171219-100558-2.jpg,8,8,0.0037024415,0.0020829953,8.5178002e-05,0.001350182,0.00026219853,0.00014517353,3.0897473e-05,0.0088561856,0.98348475
20171219-100605-2.jpg,8,8,0.00013418328,0.00071938397,0.00010512215,6.7824776e-05,4.3701868e-05,1.9100005e-05,5.3123065e-05,8.5721089e-05,0.99877184
20171219-100707-3.jpg,8,8,0.00098305967,0.00021795074,3.0765551e-05,6.0897788e-05,1.53403e-05,0.00018543011,5.312399e-06,0.00016951577,0.99833173
20171219-100748-2.jpg,8,8,0.00021115315,0.00054066203,6.3115161e-05,4.7189149e-05,8.989383e-06,4.9611055e-06,5.6095225e-06,0.00015797175,0.99896035
20171219-100818-2.jpg,8,8,0.00037630392,0.00024371804,3.0556041e-05,9.9054277e-06,1.5819526e-05,1.0396751e-05,8.4689471e-06,0.00026011711,0.99904471
20171219-101321-3.jpg,8,8,0.00014241779,8.7117457e-05,1.5048667e-05,9.32053e-05,8.7135818e-06,6.3568149e-06,4.730401e-06,5.7374091e-05,0.99958504
20171219-101508-2.jpg,8,8,0.00066071155,0.0007693304,0.00076635024,0.00011369487,4.8094599e-05,1.2653537e-05,2.3727511e-05,0.00041067446,0.99719476
20171219-101528-2.jpg,8,8,0.00021874037,0.00021838902,0.0004538922,3.7594445e-05,9.4123282e-05,1.0110018e-05,4.4578776e-05,0.00025736295,0.99866521
20171219-101903-2.jpg,8,8,0.00020427393,0.00014014947,0.00017985909,5.958522e-05,4.1232879e-05,3.0925587e-05,1.3144876e-05,0.00022072075,0.99911011
20171219-102135-3.jpg,8,8,0.0024303559,0.00018703376,6.8248382e-05,0.00017149811,6.4821338e-05,3.8074019e-05,6.4193404e-06,0.00032486886,0.99670868
20171219-102203-3.jpg,8,8,0.0047680099,0.00078597416,1.5278037e-05,0.0024393933,5.3670256e-05,1.7726377e-05,3.2937945e-05,0.0020087641,0.98987825
20171219-102311-2.jpg,8,8,0.1372593,0.0069807922,0.00041594609,0.0063592076,0.01161695,0.002150836,0.00027383192,0.19526382,0.63967931
20171219-102324-2.jpg,8,8,0.0033659066,0.0050572219,0.00052462388,0.0015919227,9.5353502e-05,0.0011385409,3.4240607e-05,0.0021132034,0.98607899
20171219-104517-2.jpg,8,8,0.022973798,0.014325262,0.0053949156,0.00063096059,0.0015629293,0.00019870636,0.0004164654,0.001110116,0.95338685
20171219-104702-2.jpg,8,8,0.00047716713,0.000892172,0.00055050361,4.0200441e-05,0.00086366514,8.2190066e-05,5.2413449e-05,0.00032528515,0.9967164
20171219-104736-2.jpg,8,8,0.00037360066,5.8817461e-05,0.0001861977,0.00025340485,8.2238541e-05,3.0642186e-05,1.143306e-05,0.00013643231,0.99886723
20171219-104932-3.jpg,8,8,0.012350447,0.0015740305,0.00022919914,0.00079449079,0.00016383965,0.00082238993,6.6822717e-05,0.016278642,0.96772014
20171219-105010-2.jpg,8,8,0.00019795747,2.837878e-05,2.7129396e-05,0.00019454247,2.277747e-05,6.5741561e-05,1.4339746e-05,0.00039578759,0.99905335
20171219-105244-2.jpg,8,8,0.0002439574,0.00011181965,2.2729043e-05,0.00017905474,7.2642582e-06,9.8328825e-06,4.3021323e-06,0.00021110964,0.99920993
20171219-105452-3.jpg,8,8,0.011573259,0.0026870734,0.0010021433,0.0011285329,4.675635e-05,0.0090837902,0.00018741399,0.0020448087,0.97224622
20171219-105508-2.jpg,8,8,0.0017214409,0.0046592902,0.0002915653,0.0031850188,0.00047530804,0.00022636828,9.4683495e-05,0.0016196695,0.98772666
20171219-105531-3.jpg,8,8,0.00053783993,0.00020793482,0.00012827,0.00013396586,4.9604869e-05,9.1216568e-05,1.5265908e-05,0.00027696154,0.99855894
20171219-105546-3.jpg,8,8,0.1385772,0.022272528,0.0011376171,0.015954903,0.0002835981,0.11946178,0.00018984765,0.015916317,0.68620621
20171219-105713-3.jpg,8,8,0.00013046003,0.00087233028,8.0511343e-05,5.5665451e-05,5.5845291e-05,0.00050523717,7.6340456e-05,6.9177992e-05,0.99815443
20171219-105955-3.jpg,8,8,0.00065172455,0.00043816487,5.4423405e-05,8.2888745e-05,3.2788947e-05,0.00035312505,2.6127941e-05,0.0014568943,0.99690386
20171219-110028-2.jpg,8,8,0.00043949656,8.4594818e-05,1.3774842e-05,2.5414253e-05,4.883307e-06,1.3420405e-05,7.0921864e-06,0.00041615284,0.99899517
20171219-110043-2.jpg,8,8,6.7117035e-05,7.6768468e-05,5.2555325e-05,0.00017745068,5.0235134e-06,5.1511552e-05,4.2236048e-06,0.00015553452,0.99940982
20171219-110049-3.jpg,8,8,0.0015502082,0.00052637211,6.5651778e-05,0.00087920453,3.8810001e-05,1.7571106e-05,8.0823686e-05,0.0036672339,0.99317412
20171219-110213-3.jpg,8,8,0.081381426,0.039273929,0.0049598489,0.0025363793,0.0095651239,0.0001048291,0.00015096405,0.044157079,0.81787042
20171219-110250-3.jpg,8,8,0.0075479118,0.0073991741,0.00038823468,0.0014813758,0.00010388782,6.9580235e-05,5.3546989e-05,0.00715976,0.97579653
20171219-110311-3.jpg,8,8,0.027435939,0.0032278035,0.00012289672,0.0087116046,0.00072988586,0.0001687158,4.8277822e-05,0.019128944,0.94042593
20171219-110445-2.jpg,8,8,0.00012907938,0.00025737534,4.843592e-05,0.00049162329,9.3018782e-06,1.4104523e-05,1.1335694e-05,7.146392e-05,0.99896728
20171219-110447-2.jpg,8,8,0.00097648876,0.0011730831,8.8079324e-05,0.00013887692,2.8617503e-05,0.0047971826,1.9335426e-05,0.00057323377,0.9922051
20171219-110453-3.jpg,8,8,0.00172325,0.00038907629,3.4371717e-05,0.0001560851,7.3906399e-05,3.6969337e-05,7.6719958e-06,0.0003950288,0.99718364
20171219-111704-3.jpg,8,8,0.00049606789,0.00047967467,0.0093512747,0.000362267,0.00034223884,4.7326165e-05,0.00023584254,0.00093018646,0.98775512
20171219-111825-3.jpg,8,8,0.0019465002,0.0016103065,0.0023632245,0.0024458241,0.00050850666,9.0724447e-05,0.0001439581,0.00050717962,0.99038378
20171219-111957-3.jpg,8,8,0.0001360174,2.6033211e-05,0.00038983964,0.0015042992,0.00085728836,0.00021014872,0.00012198957,6.3839103e-05,0.99669054
20171219-112017-2.jpg,8,8,0.00017597116,0.0004323496,0.00032786861,0.0005367221,0.00042820336,0.00062326702,0.0011025256,0.00032092554,0.99605217
20171219-112038-2.jpg,8,8,0.00021039345,0.00049089167,0.0032058385,0.00026301072,0.018361055,0.010652688,0.0021035132,0.0015966192,0.96311599
20171219-112111-2.jpg,8,8,5.8024287e-05,0.00035260491,0.00078373478,8.6360269e-05,9.811069e-05,0.00012381933,0.00016468319,0.00022400193,0.99810866
20171219-112206-2.jpg,8,8,7.9030502e-05,0.00056444114,0.00043519954,3.7243797e-05,8.6470232e-05,7.7362637e-05,0.00019384005,0.00024156201,0.99828485
20171219-112327-2.jpg,8,8,9.4776619e-05,0.00082656804,0.00027221364,0.00040026265,4.539574e-05,0.0001333849,0.00017486034,0.00029347808,0.99775906
20171219-112328-2.jpg,8,8,7.2170905e-05,0.00046084986,0.0011627115,0.00011675095,0.00011946495,0.0001058543,0.00022382529,0.00020890577,0.99752947
20171219-112351-2.jpg,8,8,2.8397145e-05,0.00049079534,0.00020041761,0.00011621272,0.00012623699,3.252306e-05,0.00021422424,0.00012020876,0.99867098
20171219-112408-3.jpg,8,8,0.00043459442,0.00034374454,0.0011855028,5.1418967e-05,0.000864816,1.3387563e-05,8.4229755e-05,0.0013237296,0.99569858
20171219-112426-2.jpg,8,8,0.00011407852,0.00045714621,0.0042080588,0.0004217205,0.00035087513,0.00038731106,0.00026939288,0.00049050559,0.99330091
20171219-112429-3.jpg,8,8,0.00027713624,0.00027095828,8.6142326e-05,6.1893823e-05,0.00048820775,4.8585463e-06,4.2308098e-05,0.0011406607,0.99762783
20171219-112509-2.jpg,8,8,8.636483e-05,4.7203965e-05,0.000108292,0.00021436422,0.00021117092,0.00033448137,0.00014413287,0.00033992938,0.99851406
20171219-112533-3.jpg,8,8,0.00040256205,0.00011259838,0.00038116644,0.00012588343,8.8933293e-05,1.4092698e-05,7.6659968e-05,0.00025002494,0.99854808
20171219-112609-3.jpg,8,8,0.00011432413,4.0032536e-05,0.00016748652,0.0001016564,0.00021697477,2.7542597e-05,0.0037038352,0.00023431952,0.99539383
20171219-112740-2.jpg,8,8,9.199809e-05,0.00026326644,0.0077035201,0.00026768028,0.0001056438,4.0342851e-05,0.00032063833,0.00038883275,0.99081808
20171219-112917-2.jpg,8,8,0.00024245851,0.00010175459,0.00018033663,9.7116101e-05,0.00015493383,0.00012060043,5.2954307e-05,0.00038359686,0.99866625
20171219-112948-3.jpg,8,8,0.0019693489,0.0016781648,0.023741792,0.00017791888,0.004266203,0.00013149385,0.00021212147,0.0023937515,0.96542921
20171219-112959-2.jpg,8,8,6.4371733e-05,8.3203452e-05,0.00020692037,0.00018879372,7.8610828e-05,0.00024586186,0.00012330125,0.00020007286,0.99880886
20171219-113025-3.jpg,8,8,7.3001385e-05,5.5493728e-05,0.0015829601,0.00010593921,0.00058720705,2.4941517e-05,0.00035382704,0.0003741893,0.99684244
20171219-113027-2.jpg,8,8,9.7088215e-05,0.00045164544,0.056362331,9.3078734e-05,0.086137568,0.0010635142,0.00052416222,0.00063167791,0.85463893
20171219-113121-3.jpg,8,8,0.00091856742,0.00012054011,0.0065462664,5.0706252e-05,0.00038110048,6.5469331e-05,0.00016559283,0.0035634533,0.9881883
20171219-113208-2.jpg,8,8,0.00010067688,0.0004455382,7.2713968e-05,0.00016570734,0.00020460526,0.00025476364,0.00031829552,0.00013282022,0.99830488
20171219-113320-2.jpg,8,8,0.00016028837,0.00010307058,0.00059414757,0.00013499439,0.00322337,0.00012314288,0.00017133398,0.00034533534,0.99514432
20171219-113328-3.jpg,8,8,0.02138682,0.00086194434,0.00072584628,0.010644043,0.01059511,0.00015597807,0.022068429,0.00072400119,0.93283783
20171219-113443-3.jpg,8,8,0.00051400742,0.00018154506,0.00064998924,2.1321686e-05,6.7454359e-05,5.5347318e-05,0.00029138452,0.00041124969,0.9978077
20171219-113519-3.jpg,8,8,0.00094076354,0.00014033692,0.0032592446,0.00011068761,7.5937136e-05,8.4283711e-05,0.00056140983,0.0020821564,0.99274518
20171219-113537-3.jpg,8,8,0.0012087188,0.00028023013,0.0011127838,0.00012907753,8.6441697e-05,4.3240594e-05,0.00077260676,0.0027282976,0.9936386
20171219-113552-3.jpg,8,8,0.0013169766,0.00043451424,0.016096987,0.00043154342,0.00019067797,0.00010288569,0.00042325242,0.0051889908,0.97581417
20171219-113849-3.jpg,8,8,0.0015170733,0.00013103002,0.0008286698,0.00018592811,0.00078250656,1.7826169e-05,0.00034653072,0.00051688797,0.99567355
20171219-114005-3.jpg,8,8,0.0012170649,0.00013420608,0.0028452293,5.8013034e-05,0.00020856532,4.2052396e-05,0.00014443748,0.001000567,0.99434986
20171219-114105-3.jpg,8,8,0.0019906853,0.00017062333,0.0020670365,7.0056567e-05,0.00082987413,5.2869388e-05,0.00075757035,0.0010477453,0.99301354
20171219-114123-2.jpg,8,8,0.00019293952,0.00022966324,0.00057040018,2.1918922e-05,2.2537767e-05,4.1774212e-05,0.0002158539,0.00054543907,0.99815947
20171219-114149-2.jpg,8,8,5.8748012e-05,9.4001542e-05,4.8019267e-05,1.5878927e-05,8.9963068e-06,2.4104283e-05,0.00010948212,0.00012846158,0.99951231
20171219-114238-2.jpg,8,8,0.00016576028,0.00022810691,0.0030440011,4.0729389e-05,0.00010057743,6.139918e-05,9.092966e-05,0.00039838988,0.99587011
20171219-114325-3.jpg,8,8,0.0027302123,0.0010433488,0.07314791,0.00042178875,0.0026705371,0.00065548771,0.00049427961,0.0013120944,0.91752434
20171219-114408-2.jpg,8,8,6.0890808e-05,0.00037324677,0.00029338161,0.00028437778,2.1289845e-05,5.6055736e-05,0.00010632271,0.00017296824,0.99863147
20171219-114449-2.jpg,8,8,0.00016156645,0.00028974481,0.00024802126,0.00011727496,2.3526719e-05,3.6495813e-05,0.00013002085,0.00035076716,0.99864258
20171219-114459-2.jpg,8,8,7.1868929e-05,8.5159226e-05,0.0015884287,2.094156e-05,0.0010455609,4.7636785e-05,0.00013791939,0.00022826085,0.99677422
20171219-114601-3.jpg,8,8,0.012742799,0.036490481,0.0042443987,0.0020121791,0.0015772472,0.0064971443,0.0097096007,0.17056182,0.75616433
20171219-114633-2.jpg,8,8,6.5297156e-05,0.00012882259,0.00029203565,4.7373722e-05,1.9356057e-05,3.4676735e-05,9.553449e-05,0.00033696752,0.99897994
20171219-114634-3.jpg,8,8,0.004334434,0.0011795149,0.011491094,0.00038040808,0.0040375243,0.00036171121,0.0025665184,0.0017309183,0.97391788
20171219-114634-2.jpg,8,8,0.00034502561,0.00022916487,0.00034838932,7.6549e-05,1.5331871e-05,1.2232718e-05,7.4465158e-05,0.00043375128,0.99846509
20171219-114635-2.jpg,8,8,0.00038442698,0.0025765216,0.01221213,0.0054271221,0.0037645832,2.9980454e-05,0.00014524412,0.00036911879,0.97509087
20171219-114725-2.jpg,8,8,0.0010866664,0.003091543,0.0065501852,7.567746e-05,0.0016848748,0.0016710849,0.0011125776,0.0010401197,0.98368727
20171219-115114-2.jpg,8,8,0.00012419031,0.00041251268,0.00065826904,1.5360023e-05,0.00019083938,0.0002531754,0.00040761147,0.00042865247,0.99750939
20171219-123742-2.jpg,8,8,5.4649572e-05,0.00015634964,0.00065388541,4.6854015e-05,0.00035586844,0.00019811356,0.000108598,0.00042371464,0.99800197
20171220-082349-2.jpg,8,8,0.0082060715,0.00026924313,0.00083129897,0.0071610611,0.0028686828,0.0012207747,6.2404688e-05,0.0028915249,0.97648894
20171220-082359-2.jpg,8,8,0.0011286954,0.0001186222,0.00036732143,0.00041707304,0.0002041723,1.7338334e-05,4.3437633e-05,0.00045931155,0.99724403
20171220-082659-2.jpg,8,8,0.0028872106,0.00023088867,9.0361283e-05,0.0010314386,0.00010438303,0.00070160038,8.3466171e-05,0.033784875,0.96108578
20171220-082718-2.jpg,8,8,0.00013849028,4.2648112e-05,7.8554492e-05,5.615374e-05,1.9300749e-05,2.2919125e-05,1.7559553e-05,6.4317252e-05,0.99956006
20171220-082755-2.jpg,8,8,0.00020776439,4.8642832e-05,4.7994451e-05,0.00013968197,3.1585192e-05,1.163558e-05,1.6921528e-05,9.0244593e-05,0.99940553
20171220-082756-3.jpg,8,8,0.0021361126,0.00071909805,0.00028220051,0.0045709245,0.0012442679,5.0723846e-05,7.1213416e-05,0.0034829252,0.98744253
20171220-082819-3.jpg,8,8,0.00077562755,6.6331982e-05,9.4579746e-05,0.00020023776,0.00016413677,0.00033265715,3.355538e-05,0.00020171552,0.99813116
20171220-082846-2.jpg,8,8,0.00094526,0.00023434723,0.00040316305,0.0059938326,0.0024674909,7.9928906e-05,2.1115246e-05,0.0016312099,0.98822365
20171220-082953-3.jpg,8,8,0.00046795746,4.8443694e-05,4.2468225e-05,0.00016448808,3.3893922e-05,5.7258962e-05,6.46104e-06,6.958648e-05,0.99910944
20171220-083031-2.jpg,8,8,0.0083453527,0.00042841042,0.00016029927,0.00071867762,4.893724e-05,2.2840687e-05,5.0549582e-06,0.0010496164,0.98922081
20171220-083100-2.jpg,8,8,0.00024785139,0.00012848499,0.00015273786,5.3437452e-05,6.2973743e-06,0.00016598488,9.7002722e-06,0.00026505616,0.99897045
20171220-083131-2.jpg,8,8,0.001511338,0.0002720654,8.4312439e-05,6.4246035e-05,0.00012307747,7.4899002e-05,8.2090128e-06,0.00087360251,0.99698825
20171220-083149-3.jpg,8,8,0.0027303322,0.00018885127,0.0011835501,0.0015485507,0.0050763513,0.001140608,0.00019535785,0.00087249267,0.98706391
20171220-083218-2.jpg,8,8,0.0009765764,2.4143076e-05,0.00016831656,0.00017723248,0.0007556291,3.7287356e-05,6.8634612e-05,0.00036781515,0.99742437
20171220-083245-3.jpg,8,8,0.0014808958,0.00023588254,0.0015146247,0.0052829595,0.0034429652,0.00040499328,0.00044147327,0.0033818288,0.98381438
20171220-083324-2.jpg,8,8,0.032297022,0.016711972,0.00050589975,0.0012035012,4.9551015e-05,0.074421206,0.0037596114,0.0047351957,0.86631604
20171220-083340-2.jpg,8,8,0.000960302,0.00012042061,0.0010910041,0.00081201941,0.00017993455,0.00099607833,0.00012887107,0.000931209,0.99478016
20171220-083447-3.jpg,8,8,0.0003891894,0.00024807809,0.00010957084,0.00017104982,6.1170046e-05,0.00012991597,1.5634813e-05,0.00077659869,0.99809879
20171220-083532-2.jpg,8,8,0.0043108034,0.0001557581,0.00044465835,0.00041692771,3.291223e-05,0.0005098496,4.990817e-05,0.00098312193,0.99309606
20171220-083653-2.jpg,8,8,0.0011564631,5.4854456e-05,0.00013630159,0.00023653181,0.0002822958,3.5312092e-05,1.0908595e-05,0.00040569201,0.99768164
20171220-083717-2.jpg,8,8,0.0015899812,0.0022519829,0.00058074112,0.0028510106,3.3079582e-05,7.7649828e-05,7.5685203e-05,0.0013436662,0.9911962
20171220-083759-2.jpg,8,8,0.069200203,0.00044328464,0.00025646968,0.00014521003,0.00064952744,0.00093892183,6.7776672e-05,0.011448547,0.91685006
20171220-083801-3.jpg,8,8,0.020975025,0.00065446401,0.00026450071,0.0049579484,0.001235638,0.0076338343,6.7963239e-05,0.0058616165,0.95834901
20171220-083810-2.jpg,8,8,0.0033113791,0.0004494219,0.0001702999,5.9861414e-05,0.00012025842,0.0017409674,1.0915978e-05,0.0015107574,0.99262614
20171220-083821-2.jpg,8,8,0.00024105501,4.6964725e-05,0.00016820616,6.4715603e-05,2.3765398e-05,0.00018874262,7.9529814e-06,0.00012761671,0.99913098
20171220-083928-2.jpg,8,8,0.0016727162,0.00035686388,0.00014973542,0.010111767,0.00098977476,0.0011323122,0.00032715077,0.0034399179,0.98181976
20171220-084012-3.jpg,8,8,0.00049965607,0.00054058517,0.00031244574,0.0019618824,7.7145236e-05,0.000620793,3.3217617e-05,0.00041884339,0.99553543
20171220-084034-3.jpg,8,8,0.00067287843,0.0010350755,3.8909782e-05,0.0012366153,0.00014218135,3.4787181e-05,2.9985537e-05,0.00081364652,0.99599592
20171220-084230-3.jpg,8,8,0.002974094,0.0019633708,2.8694244e-05,0.0063164546,0.00011504909,0.0002529634,1.3649819e-05,0.0032356052,0.98510012
20171220-084259-2.jpg,8,8,6.1713618e-05,8.0120934e-05,1.028946e-05,5.5232414e-05,8.440189e-06,1.8915138e-05,1.8821175e-05,2.3079569e-05,0.99972339
20171220-084403-2.jpg,8,8,0.00018240514,0.00034338812,2.8536399e-05,0.00055245455,2.471913e-05,2.3866229e-05,7.9601488e-06,0.00039498948,0.99844168
20171220-084412-2.jpg,8,8,0.00084169879,0.00031020269,8.5225462e-05,0.001326176,0.0011265056,4.4256757e-06,1.9361771e-05,0.00052944924,0.99575695
20171220-084433-2.jpg,8,8,0.00074718781,0.0037174892,0.00012386865,0.0015509589,8.0936302e-06,2.9448428e-05,1.3318916e-05,0.00043617034,0.99337346
20171220-084443-2.jpg,8,8,8.4376656e-05,0.00013359565,5.9677824e-06,0.00011232525,4.3665888e-06,5.2921105e-06,4.2240186e-06,5.5719057e-05,0.99959413
20171220-084505-2.jpg,8,8,0.00039482314,0.0019978063,6.3874035e-05,8.6326081e-05,5.1022998e-05,3.4659876e-05,2.0272002e-05,2.7823514e-05,0.99732339
20171220-084515-2.jpg,8,8,0.0017586111,0.0033740504,1.5635806e-05,0.00099184062,1.5897725e-05,2.4837411e-05,1.4876887e-05,0.0018462992,0.99195795
20171220-084545-3.jpg,8,8,0.00098562871,0.00040349782,5.2088862e-05,0.00027235737,0.00011373493,1.8217118e-05,1.6097642e-05,0.00052572932,0.99761265
20171220-084554-2.jpg,8,8,0.0087940287,0.10213138,0.00034572017,0.0049911716,0.00010272962,0.00039273493,4.7151966e-05,0.0048945743,0.87830051
20171220-084624-2.jpg,8,8,0.0004603307,0.0033192303,0.00012557104,6.6468681e-05,1.5214887e-05,0.00014519772,1.4480676e-05,0.00018411909,0.99566939
20171220-084647-2.jpg,8,8,0.00011192395,0.00015456682,3.4287573e-05,3.5343022e-05,1.050693e-05,2.6090517e-05,1.441186e-05,6.469795e-05,0.99954817
20171220-084727-2.jpg,8,8,0.066451483,0.051404669,0.00024663771,0.011046669,7.0385128e-05,0.00020403704,0.0001543568,0.04050457,0.82991719
20171220-084751-3.jpg,8,8,0.00076066072,0.00015771293,0.00025641969,0.00046591217,6.07684e-05,0.0012230898,2.8233085e-05,0.00050200654,0.9965452
20171220-084816-3.jpg,8,8,0.00033701923,0.00042695643,4.6081442e-05,0.00044137343,2.1988331e-05,2.5589489e-05,1.4941222e-05,0.00031790088,0.99836815
20171220-084920-2.jpg,8,8,0.0047643072,0.00031782765,0.00032906278,0.0041388166,0.00024253487,0.0070998499,0.0006124376,0.008877536,0.97361763
20171220-084937-3.jpg,8,8,0.009229804,0.0016727107,0.00085911271,0.0029416037,0.0065381671,0.0052858729,0.013579591,0.0081665315,0.95172661
20171220-085003-2.jpg,8,8,0.0002437695,9.3382017e-05,0.00011642588,0.00027286413,9.1212654e-05,0.00030867322,2.2093886e-05,0.00046927988,0.9983823
20171220-085013-3.jpg,8,8,4.9371315e-05,0.00016035385,6.5529744e-05,0.00025415523,0.00010156105,0.00012242603,0.00016995862,0.00060867681,0.99846797
20171220-085014-3.jpg,8,8,0.008452987,0.0041695932,6.0807774e-05,0.0034071479,5.1660546e-05,0.00042021183,0.0083647908,0.0091704913,0.96590231
20171220-085015-3.jpg,8,8,9.1921612e-05,0.00070112309,7.873759e-05,0.00042255487,0.00012600847,0.0001126024,0.00035250053,0.00088816502,0.99722639
20171220-085110-3.jpg,8,7,0.0080646971,0.00027988411,0.0013717224,0.023761273,0.004792989,0.0010466187,0.002769897,0.91548103,0.04243189
20171220-085146-3.jpg,8,8,0.021472053,0.073857821,0.00062038322,0.0099645151,0.0049423492,0.0025947852,0.0013920853,0.32972403,0.55543197
20171220-085211-2.jpg,8,8,0.00043444,0.00025146142,6.7280498e-05,0.00021987557,4.6586105e-05,0.00037876034,3.8770947e-05,0.0027584707,0.99580435
20171220-085256-2.jpg,8,8,0.00093603819,0.00014748865,0.00010737939,9.2750877e-05,8.841077e-05,0.00022919877,2.552975e-05,0.0014854747,0.99688773
20171220-085315-3.jpg,8,8,4.4087728e-05,0.00058557424,7.7399041e-05,0.00015195305,8.5398925e-05,0.00050435238,0.0014029892,0.00023724035,0.99691101
20171220-085334-2.jpg,8,8,0.0027638681,0.00022063002,7.3100332e-05,0.0002165126,4.9064253e-05,7.5261882e-05,4.539894e-06,0.0056635584,0.99093346
20171220-090147-2.jpg,8,8,0.0031202354,0.0017499116,0.00016033836,0.00077389294,0.00042194007,0.018912511,0.00032276601,0.0052952622,0.96924314
20171220-090154-3.jpg,8,8,0.0018742245,0.00017701981,7.4560089e-05,0.00093147973,0.00050369617,0.00040027433,0.0001002288,0.00045611846,0.9954824
20171220-090336-2.jpg,8,8,0.0048698764,0.00037618924,0.00021360528,0.0012708257,7.2656292e-05,0.00087652446,0.00080414615,0.0063629927,0.98515318
20171220-090345-2.jpg,8,8,0.040001102,0.0022130926,0.00062464713,0.060571849,0.00053926451,0.0023819816,0.0074086373,0.014864482,0.87139494
20171220-090520-2.jpg,8,8,0.2531438,0.034373457,0.0011630379,0.11485143,0.010503722,0.0012029255,0.00026071367,0.1703596,0.4141413
20171220-090546-3.jpg,8,8,7.9478527e-05,2.7191457e-05,1.7504571e-05,2.5429213e-05,1.3464424e-05,6.5078184e-05,0.00010532402,4.3246195e-05,0.99962328
20171220-090621-2.jpg,8,8,0.00041042417,6.5230463e-05,2.3114119e-05,6.4436689e-05,1.1847872e-05,0.00037194261,2.1297196e-05,9.7818249e-05,0.99893389
20171220-090752-2.jpg,8,8,0.00090046877,1.5312156e-05,5.4152133e-05,2.9673536e-05,2.3703663e-05,0.0001527096,8.965428e-05,3.8269171e-05,0.99869606
20171220-090832-2.jpg,8,8,0.13907185,0.035831604,0.001670273,7.2759794e-05,0.00045960539,0.062238719,0.027905322,0.043870629,0.68887924
20171220-090841-2.jpg,8,8,0.030850868,0.044413855,0.006250154,0.0035350772,0.0024219037,0.043788147,0.0066940795,0.015777926,0.84626799
20171220-090906-2.jpg,8,8,0.0048835461,0.0046178567,0.00068638914,0.00044439452,0.0002253552,0.0061488199,0.00067724149,0.00086072454,0.98145567
20171220-091052-2.jpg,8,5,0.0050971537,0.00042775664,0.00056659052,0.00042319298,0.00057888685,0.55498746,0.00021273304,0.0026993864,0.43500684
20171220-091117-2.jpg,8,5,0.02770854,0.00745369,0.0008277883,0.0012295481,0.00010824192,0.51435177,0.0005910865,0.0023268146,0.44540252
20171220-091144-2.jpg,8,8,0.021689662,0.0097892853,0.00030466365,0.00019039939,8.9140186e-05,0.005469881,0.0001213101,0.0049964782,0.95734918
20171220-091239-2.jpg,8,8,0.0083503386,0.0032086719,0.00031652233,0.00038121414,6.4115479e-05,0.0045045438,5.0502023e-05,0.0011307582,0.98199333
20171220-091406-2.jpg,8,8,0.016228031,0.0022788934,0.00025679624,0.00012917843,8.3195742e-05,0.023627911,4.5536993e-05,0.0014281972,0.95592226
20171220-091414-2.jpg,8,8,0.0026290515,0.00017753082,0.00067755485,9.7270939e-05,0.00027955868,0.12809696,0.00052567312,0.0010449581,0.86647144
20171220-091423-3.jpg,8,8,0.04402147,0.083962626,0.00042311585,7.3109904e-05,0.00019569388,0.0091710183,0.00091580703,0.01465384,0.84658332
20171220-091521-3.jpg,8,8,0.00023297398,5.1791288e-05,1.4609792e-05,4.17739e-05,2.2354072e-05,6.6432003e-05,6.6751062e-05,0.0001028106,0.9994005
20171220-091647-3.jpg,8,8,0.0023253807,4.0071607e-05,2.3578874e-05,0.00012167462,3.7485743e-05,0.0004857603,2.2388497e-05,0.0011065804,0.99583708
20171220-091652-3.jpg,8,8,0.0023868638,5.1746715e-05,7.0453914e-05,3.2240568e-05,0.00090560847,0.00066460418,5.1697136e-05,0.00073219175,0.99510459
20171220-091740-3.jpg,8,8,0.00039199913,2.97068e-05,4.2211372e-05,0.00012218368,0.00031224581,0.00011856825,8.98422e-05,0.00016798873,0.99872525
20171220-091804-3.jpg,8,8,0.0015354864,0.00024881594,0.0001995052,0.002582583,0.00016671215,0.0016128766,8.6603687e-05,0.0012878076,0.99227961
20171220-091831-3.jpg,8,8,0.0016367058,8.1610144e-05,0.00069506475,0.0029981759,0.0014580012,0.0099016844,0.00010406216,0.0014277106,0.98169699
20171220-091854-2.jpg,8,8,0.0016281005,9.5730757e-05,0.00062653805,0.0027986777,0.0012280243,0.017990546,0.00017030619,0.00051110942,0.97495097
20171220-091952-2.jpg,8,8,0.00024915622,0.010819805,0.00016502781,0.00015127095,9.3501772e-06,0.0013351219,0.00028763148,0.00024646198,0.98673617
20171220-092008-2.jpg,8,8,0.13183344,0.28015465,0.0020048244,9.8232599e-05,7.1123982e-05,0.092051768,0.0066903339,0.033929119,0.45316651
20171220-092016-2.jpg,8,8,0.0036721227,0.00013310615,0.00041659313,0.00081282193,0.00019659711,0.069606114,0.00012350981,0.00041431435,0.92462482
20171220-092024-2.jpg,8,6,0.14012245,0.17504126,0.0022983592,0.0008765953,0.000311792,0.057816261,0.48292,0.049071029,0.091542257
20171220-092033-2.jpg,8,8,0.00030265917,3.9127706e-05,5.7245954e-05,4.5971414e-05,2.8463676e-05,0.00094992252,6.6080187e-05,4.9405707e-05,0.99846112
20171220-092044-2.jpg,8,8,0.0027823935,0.00020543043,0.00013091454,0.00041790746,3.8753607e-05,0.0085019326,4.499097e-05,0.000123736,0.98775394
20171220-092109-2.jpg,8,8,0.00083349861,0.00028858684,9.3964346e-05,0.00017630558,3.1900793e-05,0.001156292,0.00025780112,0.00030084836,0.9968608
20171220-092129-3.jpg,8,8,0.0013127829,7.4200519e-05,0.00024761435,0.00028282059,9.7039109e-05,0.0081257877,7.937257e-05,0.00059635017,0.98918403
20171220-092130-2.jpg,8,8,0.00028051626,9.7280302e-05,0.00012577101,0.00067942905,0.0002063324,0.0013980351,0.00039441346,0.00012807564,0.99669015
20171220-092221-2.jpg,8,8,0.0031082211,0.00057399155,0.0009087269,0.0072674193,0.00037834814,0.038676742,0.00023736761,0.010698405,0.93815078
20171220-092318-3.jpg,8,8,0.0044913686,4.8683894e-05,0.00019865057,0.0005919476,0.00055526458,0.0020092959,2.247571e-05,0.0014418523,0.99064046
20171220-092341-2.jpg,8,8,0.00039753071,0.00017036396,0.00014137165,1.4133142e-05,2.9294446e-05,0.0011670375,5.4633858e-05,0.0003311035,0.99769453
20171220-092404-3.jpg,8,8,0.0039871505,0.00062078119,0.0011187527,0.00088865529,5.4194141e-05,0.010790905,5.4881634e-05,0.005107565,0.97737711
20171220-092604-3.jpg,8,8,0.00040880643,0.00011329452,3.3227861e-05,0.00091771988,4.993084e-05,9.9191102e-05,2.3629486e-05,3.6944289e-05,0.99831726
20171220-092615-3.jpg,8,8,0.00032729805,4.6013655e-05,6.0390686e-05,0.00039447139,0.00017137516,7.5006659e-05,5.5479533e-05,5.9532577e-05,0.99881043
20171220-092711-2.jpg,8,8,0.0010536039,0.00015961544,0.00026770532,0.00010440717,4.6779485e-05,0.015855352,0.00019819721,0.00014294121,0.9821714
20171220-092732-2.jpg,8,8,0.014514529,0.00040916139,0.00071147121,0.00015913477,0.00029369316,0.06338776,0.00061164833,0.0021296529,0.91778295
20171220-092914-2.jpg,8,8,0.00011913321,4.5116941e-05,5.962659e-05,4.5889888e-05,2.4218256e-05,0.00028180953,0.00012047013,4.1730863e-05,0.999262
20171220-092922-2.jpg,8,8,0.00064319769,7.0636246e-05,0.00013878958,0.00011474128,2.2289991e-05,0.00044139689,0.00012544078,3.0860227e-05,0.99841265
20171220-092945-2.jpg,8,8,0.00036484616,5.2874342e-05,0.00016109915,0.00024267458,0.0013514666,0.00090315599,0.0001270209,6.4274512e-05,0.99673259
20171220-092949-3.jpg,8,8,8.8574812e-05,2.8374076e-05,2.9406494e-05,8.9906115e-05,7.6947314e-05,4.1549864e-05,1.9703571e-05,8.1110989e-05,0.99954443
20171220-092954-2.jpg,8,8,6.8989151e-05,6.7773117e-05,3.9897938e-05,0.00012168301,9.1862846e-05,0.00010849673,0.00010137622,1.1865071e-05,0.99938806
20171220-093113-2.jpg,8,8,0.001616878,9.4029794e-05,6.5451639e-05,0.0010114716,0.0019370043,0.00012751276,6.5898827e-05,0.00011359665,0.99496816
20171220-093122-3.jpg,8,8,0.00019826405,0.00016853951,0.00010298106,0.00018322248,7.2749882e-06,7.9017092e-05,4.2527257e-06,7.5369485e-05,0.99918108
20171220-093221-3.jpg,8,8,0.0010043687,9.2335658e-05,0.00013046086,0.00066906142,2.0599543e-05,0.00061536288,0.00012482032,4.992805e-05,0.99729306
20171220-093257-3.jpg,8,8,0.00038061461,3.69583e-05,1.7351594e-05,0.00030062526,5.0752564e-05,4.0299271e-05,5.8329613e-06,0.00015106782,0.9990165
20171220-093311-2.jpg,8,8,0.00096762533,0.00081489044,0.0019515258,0.0065237578,0.0020809854,0.0061430666,8.3639101e-05,0.00078568692,0.98064882
20171220-093326-3.jpg,8,8,0.00032646396,2.8797905e-05,1.3723484e-05,0.00050634209,0.00016776563,0.00020332763,0.00010619266,0.0003368493,0.99831054
20171220-093337-3.jpg,8,8,0.0010169662,4.6860095e-05,5.4967881e-06,0.00020753132,0.00023552392,0.00013052955,0.00012002376,0.0010932101,0.99714386
20171220-093439-2.jpg,8,8,0.00053124944,6.5303783e-05,8.3911896e-05,0.00038215177,0.00013508011,0.00011060525,6.8745153e-05,5.3889427e-05,0.99856906
20171220-093457-3.jpg,8,8,0.0010878923,6.5363699e-05,5.7114957e-06,0.00027263987,2.0178557e-05,7.9576323e-05,9.1040928e-05,0.0013197049,0.99705789
20171220-093525-2.jpg,8,8,0.00024903425,0.00018033731,3.540948e-05,0.0014754618,2.6265707e-05,0.00012638057,8.1083781e-05,0.00011649896,0.99770953
20171220-093606-2.jpg,8,8,0.0017599079,0.00016013362,6.287552e-05,0.00025694501,6.3045019e-05,0.0071836274,0.00013850353,0.00033961497,0.99003535
20171220-094547-2.jpg,8,8,0.0112122,0.03121518,0.0005292095,0.00029985249,8.4862832e-05,0.0050798188,4.7626662e-05,0.00051855137,0.9510127
20171220-094608-1.jpg,8,8,0.00037443279,3.5460059e-05,6.610761e-05,0.00036398726,6.9003079e-05,4.7853788e-05,3.2183982e-05,0.00043976326,0.99857121
20171220-094611-2.jpg,8,8,0.00032061018,0.00025647698,0.00025945657,4.8659786e-05,7.023798e-05,0.0031436581,0.00010341485,5.8771472e-05,0.99573871
20171220-094750-1.jpg,8,8,0.00031359246,5.9918448e-05,2.5077801e-05,0.00044508526,2.8630868e-05,7.5753423e-06,1.2345778e-05,0.00064069769,0.99846708
20171220-094800-1.jpg,8,8,6.8535447e-05,8.2176524e-05,2.4347623e-05,3.978541e-05,1.323619e-05,0.00015145807,1.1528109e-05,8.1175325e-05,0.99952776
20171220-094848-2.jpg,8,8,0.0069106818,0.0067569581,0.00036087259,0.00085839024,3.9076241e-05,0.00057672177,0.00015110521,0.0026288393,0.98171735
20171220-094856-2.jpg,8,8,0.00011341436,0.00035701004,0.00015332708,0.00049691871,2.5187863e-05,0.00038824613,0.00036036368,0.00010056602,0.99800497
20171220-094926-2.jpg,8,8,0.0032513712,0.00078148993,4.9528865e-05,0.00037038093,1.2352902e-05,0.00098354941,0.00029821053,0.00020245556,0.99405066
20171220-094939-2.jpg,8,8,0.0022558036,0.00026477875,0.00012456404,0.00098738883,0.00033315357,0.00070207587,0.032252265,0.0012020293,0.96187794
20171220-095054-1.jpg,8,8,0.00029672172,5.083923e-05,7.439381e-05,9.0560544e-05,1.1137179e-05,5.6925007e-05,7.755649e-06,0.00012399201,0.99928767
20171220-095127-2.jpg,8,8,0.0013460096,0.0010437074,0.0006929711,0.00010567628,3.6287551e-05,0.0044296332,0.00047327183,9.6471263e-05,0.99177597
20171220-095147-2.jpg,8,8,0.00026234324,4.4631402e-05,5.1427909e-05,3.2118155e-05,2.5970461e-05,8.5218525e-05,2.4711254e-05,0.00026496351,0.99920862
20171220-095206-2.jpg,8,8,0.00036004614,6.0412215e-05,6.1702125e-05,8.6665015e-05,1.5768975e-05,0.003372161,0.00012789736,0.00026533882,0.99565001
20171220-095214-2.jpg,8,8,0.00096944836,0.0077242684,0.00024765675,0.0012034977,0.00014246345,0.002312137,0.0037820358,0.00040046994,0.98321802
20171220-095227-1.jpg,8,8,0.015906267,0.082330709,0.0019137671,0.0028456628,0.00072959106,0.0025967168,0.00031762838,0.031202959,0.8621567
20171220-095305-2.jpg,8,8,0.00012234852,8.4807588e-05,3.5061526e-05,3.2036392e-05,9.4970963e-06,5.2354766e-05,1.2839386e-05,0.00012963065,0.99952142
20171220-095316-1.jpg,8,8,0.00057955825,7.791137e-05,0.00016257231,0.00034317352,0.00013831547,8.8851244e-05,4.959786e-05,0.000262694,0.99829733
20171220-095341-2.jpg,8,8,0.00044813617,7.7543957e-05,1.7225724e-05,4.1751334e-05,2.5594344e-05,6.3033019e-05,1.9505525e-05,0.000480572,0.99882664
20171220-095402-2.jpg,8,8,0.00015755929,0.00035685833,4.1685392e-05,1.9570498e-05,4.1070731e-05,0.0025151892,0.00044623844,0.00015007975,0.99627175
20171220-095405-1.jpg,8,8,0.00056628859,0.0023270848,0.00014686022,0.00099034817,4.9680047e-05,0.00021325585,0.00034250439,0.00040956484,0.99495441
20171220-095408-2.jpg,8,8,0.027075559,0.021773338,0.00022478321,0.00030217287,7.0292346e-05,0.0047071232,0.013420813,0.0027014239,0.92972449
20171220-095456-2.jpg,8,8,0.010355456,0.00035394461,0.0002310762,0.00073933246,0.00019289739,0.00071740895,0.00011788814,0.00050692788,0.98678507
20171220-095558-2.jpg,8,8,0.0011943231,0.00062475632,0.00027282911,0.00032687796,0.0002654078,0.02719713,0.00037278967,0.0010294702,0.96871642
20171220-100117-2.jpg,8,8,0.019957609,0.0028055905,0.00021627779,0.00011819869,0.00031820828,0.19233879,0.0010469875,0.031321093,0.75187724
20171220-100147-2.jpg,8,8,0.00063807951,0.00047419524,1.1030446e-05,3.9614402e-05,1.1998376e-05,0.00020655686,1.177765e-05,0.00082921987,0.99777753
20171220-100239-2.jpg,8,8,0.035194274,0.0010581528,0.00054647482,0.2856912,0.00096853939,0.0049625405,0.0026945634,0.0051107828,0.66377347
20171220-100252-2.jpg,8,8,0.06623788,0.027773834,0.00053784402,0.00022337561,0.00044364303,0.015622694,0.020156396,0.038559266,0.83044507
20171220-100258-1.jpg,8,8,5.2076191e-05,4.6450026e-05,5.0820628e-05,8.1527485e-05,8.6156884e-06,3.7974429e-05,1.5409051e-05,4.1427987e-05,0.9996657
20171220-100351-2.jpg,8,8,0.0049841724,0.0024622689,0.00080954152,0.00052369466,0.00012988007,0.014259405,0.0013200111,0.00082246649,0.97468856
20171220-100359-2.jpg,8,8,0.0012425532,0.00020521617,0.00041792744,0.00020513123,0.00013184912,0.0012801914,9.8672947e-05,0.00025054946,0.99616791
20171220-100405-1.jpg,8,8,0.00017004601,4.8191106e-05,6.8529731e-05,4.1944647e-05,1.6345884e-05,3.6878344e-05,5.8967019e-06,7.4107924e-05,0.99953806
20171220-100435-2.jpg,8,8,0.00066609413,0.011293363,0.00010728304,0.0007192096,4.7027511e-05,0.00039159345,0.00019071937,0.00011749996,0.98646721
20171220-100443-2.jpg,8,8,0.0022040075,0.00076074982,2.2594416e-05,0.00064794534,3.3651316e-05,3.9866166e-05,6.7774863e-06,0.00086778619,0.99541662
20171220-100527-1.jpg,8,8,0.00025130709,0.00011161809,0.00028009027,0.00043390593,0.00013869209,0.0013433386,3.5367329e-05,0.00014129355,0.99726439
20171220-100700-2.jpg,8,8,0.00034418756,0.0044835253,0.00014914907,5.9289085e-05,2.0330017e-05,0.001704018,0.0002352426,0.00045822192,0.99254604
20171220-100853-1.jpg,8,8,0.0014261241,0.00022503356,6.28145e-05,0.0021031421,3.8204462e-05,6.8736157e-05,2.5551738e-05,0.0020730778,0.99397732
20171220-100855-2.jpg,8,1,0.020999774,0.60596472,0.0026407985,0.0061681863,0.00060382129,0.010019921,0.0039101526,0.23111935,0.11857328
20171220-100924-2.jpg,8,8,4.6913119e-05,7.5249438e-05,3.2728134e-05,2.1965717e-05,1.0956561e-05,8.659582e-05,2.4969554e-05,1.6346405e-05,0.99968428
20171220-101301-2.jpg,8,8,0.000155719,0.00017699791,0.00011189914,9.2118775e-05,5.889348e-05,0.0015327709,3.453113e-05,0.00013184989,0.99770522
20171220-101311-2.jpg,8,8,0.044856967,0.0020816241,0.0001077618,0.00053088029,0.00024247524,0.00054376444,8.4689977e-05,0.0078423118,0.94370952
20171220-101346-1.jpg,8,8,7.337758e-05,0.00018693739,3.5588009e-05,9.8104237e-05,9.4649601e-06,2.8560207e-05,5.7266077e-06,3.7165671e-05,0.99952508
20171220-101529-1.jpg,8,8,9.9717808e-05,3.9469934e-05,3.9194986e-05,9.4600046e-05,3.0797151e-05,5.1048965e-05,1.2889571e-05,9.9587124e-05,0.99953269
20171220-101540-2.jpg,8,8,0.00066093665,0.0037363626,0.00010151836,3.0957319e-05,2.2319508e-05,0.0011799485,4.1044695e-05,0.0002868746,0.99394004
20171220-101546-1.jpg,8,8,0.00014802727,0.00018807616,6.6605668e-05,4.3130226e-05,2.3955562e-05,0.00042495385,1.7626289e-05,4.9563963e-05,0.99903806
20171220-101617-1.jpg,8,8,5.2377556e-05,6.651524e-05,4.3668006e-05,7.3122583e-05,2.3251097e-05,1.6343072e-05,8.5690363e-06,2.7199655e-05,0.99968895
20171220-101629-1.jpg,8,8,0.00012637962,5.4592425e-05,4.4700112e-05,0.00034388593,1.6637959e-05,1.760187e-05,2.4108074e-05,0.00051424406,0.99885785
20171220-101647-2.jpg,8,8,0.00022111191,7.0831834e-05,4.2065978e-05,7.6096469e-05,2.2457185e-05,9.3572946e-05,1.1995931e-05,0.00020121346,0.99926065
20171220-101652-1.jpg,8,8,0.00018197705,2.5722273e-05,5.4648167e-05,8.1869399e-05,1.2981033e-05,2.1717992e-05,5.989231e-06,9.054634e-05,0.99952455
20171220-101709-1.jpg,8,8,0.00014692324,7.1395342e-05,4.6470264e-05,5.5318291e-05,1.3748914e-05,2.8598278e-05,4.5330666e-06,0.00013214944,0.99950086
20171220-101710-1.jpg,8,8,0.00022126371,0.00013289941,5.7269903e-05,0.0002127051,7.9658007e-05,0.0005567613,2.551363e-05,0.00020734215,0.99850659
20171220-101919-2.jpg,8,8,7.6397847e-05,0.00018134877,0.00012717674,6.5989129e-05,0.00011195802,0.0062084799,0.0001307859,6.52984e-05,0.99303257
20180105-091456-3.jpg,8,8,0.00059966369,5.4716762e-05,0.0001344003,0.00031530389,0.00043311508,4.4376107e-05,0.00029259267,4.4722782e-05,0.99808111
20180105-091502-2.jpg,8,8,0.0001622037,0.00010479837,5.5218366e-05,1.9201959e-05,5.240467e-05,0.00011195955,0.00040869517,0.00023261164,0.99885291
20180105-091508-3.jpg,8,8,0.00013924414,0.00015560279,0.00010015991,0.00028648421,0.00012692387,4.2543238e-05,0.00019499762,0.00015718203,0.99879686
20180105-091514-2.jpg,8,8,0.00031679102,0.00013816435,0.00019893324,2.8883762e-05,5.093995e-05,0.00014815974,0.00024553183,0.000203288,0.99866931
20180105-091522-3.jpg,8,8,9.0033309e-05,0.00015838247,4.2002544e-05,8.9376663e-05,3.8700462e-05,3.9542535e-05,0.00068230901,0.00016118737,0.99869847
20180105-091545-2.jpg,8,8,0.00019030332,0.00087318411,7.8537887e-05,0.00010017763,1.2811211e-05,0.0002892865,0.0069578145,0.00025678508,0.9912411
20180105-091636-2.jpg,8,8,0.00010440852,0.0001519491,5.018936e-05,4.5120609e-05,3.3037279e-05,0.00010843717,0.0045899797,0.00018096931,0.99473591
20180105-091800-3.jpg,8,8,0.00011911514,0.00016481388,0.00012246071,6.678592e-05,6.3358587e-05,0.00015284259,0.00031622671,8.8523204e-05,0.99890587
20180105-091820-3.jpg,8,8,3.5495036e-05,9.7926803e-05,1.3931833e-05,3.197571e-05,3.2853436e-05,4.3094518e-05,0.00017744497,0.00010754135,0.99945974
20180105-091855-2.jpg,8,8,0.00017309711,0.011010566,0.00038268457,0.0010001841,0.00012360928,0.0019921485,0.034408645,0.0011512711,0.94975779
20180105-092116-3.jpg,8,8,7.2884135e-05,7.1501452e-05,4.3160741e-05,4.5392467e-05,3.7285177e-05,6.4860068e-05,0.00022720555,0.00010523225,0.99933248
20180105-092119-3.jpg,8,8,9.9404967e-05,8.2734554e-05,8.5163448e-05,2.0963323e-05,9.0152307e-06,4.9235028e-05,0.00013730137,0.00014678799,0.99936939
20180105-092143-2.jpg,8,8,0.00021614281,0.00057422456,8.4971083e-05,0.00044329935,9.575477e-05,9.4071233e-05,0.0028023152,0.00062556164,0.99506366
20180105-092218-2.jpg,8,8,0.00011074813,0.00010798184,2.3179225e-05,0.00019084199,1.4937478e-05,6.3832436e-05,0.00026124692,4.783414e-05,0.9991794
20180105-092347-3.jpg,8,8,0.00071396992,0.0016075925,0.0001624951,0.00020824399,7.9295601e-05,0.00094944993,0.075034676,0.00034749666,0.92089678
20180105-092421-3.jpg,8,8,0.00024405895,9.0694288e-05,0.0003167341,2.5386124e-05,0.00016056654,5.7176792e-05,0.00017142454,0.00010166739,0.99883229
20180105-092426-2.jpg,8,8,0.00073608904,0.00011864138,0.00010041526,2.2105212e-05,8.9285701e-05,1.7956645e-05,6.3298048e-05,0.00028505878,0.99856715
20180105-092442-2.jpg,8,8,0.00027370063,0.00014780613,6.276239e-05,2.6960261e-05,1.5583745e-05,1.5614965e-05,0.00018319895,0.00012179056,0.99915258
20180105-092538-2.jpg,8,8,0.00015268647,0.00011853969,1.5657226e-05,1.1633005e-05,4.5666305e-05,6.5769739e-05,0.0028829783,0.0011854442,0.99552163
20180105-092555-2.jpg,8,6,0.014432955,0.071967926,0.00040069411,0.00059421902,0.0014788109,0.0026535162,0.53539767,0.0038033926,0.36927081
20180105-092623-3.jpg,8,8,0.00083984169,0.00020703565,0.0014348251,0.00035858043,0.0018672742,0.0033334279,0.01506427,0.00040648625,0.97648826
20180105-092637-2.jpg,8,8,0.00025507231,0.0019872628,9.5742382e-05,2.8815019e-05,0.00010414836,0.00048728232,0.0012901122,8.0324953e-05,0.99567124
20180105-092651-2.jpg,8,8,7.9344647e-05,0.00013391347,6.9350914e-05,1.4489769e-05,0.0001073694,0.00011311509,0.0015459806,0.00028034587,0.99765609
20180105-092702-3.jpg,8,8,0.00013429983,0.00020014122,0.0025437676,0.00012855745,0.00029613395,9.455199e-05,0.0013295163,0.00087783178,0.9943952
20180105-092734-3.jpg,8,8,3.5277516e-05,9.0630242e-05,5.6831763e-05,2.0645797e-05,4.7574818e-05,4.7876825e-05,0.00082686866,9.3416701e-05,0.99878088
20180105-092741-2.jpg,8,8,0.040678026,0.04030169,0.0012632641,0.0016296187,0.00034098004,0.00095192192,0.11484985,0.01542635,0.7845583
20180105-092757-2.jpg,8,8,0.00018553434,0.00015028489,0.00024552796,4.3895879e-05,0.00010039238,0.00015838655,0.00052590055,0.00024357347,0.9983465
20180105-092757-3.jpg,8,8,0.0001287693,0.00088729242,8.9255306e-05,4.5360409e-05,3.2949973e-05,0.00019665088,0.030688222,0.00060993023,0.96732157
20180105-093058-2.jpg,8,8,0.00013849966,0.0001102984,0.00012554945,2.5839101e-05,0.00011493229,0.00011850994,0.0013084541,0.00024254608,0.99781537
20180105-093156-2.jpg,8,8,0.0016633008,0.00058209246,0.00014620857,0.00015043985,0.0018999364,0.00019773905,0.0044391892,0.0021527459,0.98876835
20180105-093252-2.jpg,8,8,0.00032508771,3.8547231e-05,0.00011233539,0.00035244305,0.00018497178,8.9766715e-05,0.010365954,0.00041518396,0.98811571
20180105-093325-2.jpg,8,8,0.00019890442,0.00021216225,5.116627e-05,3.7224836e-05,4.3929058e-05,5.6422723e-05,0.006743971,0.0005295675,0.99212665
20180105-093450-2.jpg,8,8,0.00013297211,2.567276e-05,7.3653985e-05,2.2838417e-05,0.00013606218,7.7660888e-05,0.00067934216,0.00023939917,0.9986124
20180105-093523-2.jpg,8,8,0.00015672601,8.508443e-05,4.3166604e-05,2.6080341e-05,0.00010797055,4.549152e-05,0.0009981603,0.00021813284,0.99831919
20180105-093523-3.jpg,8,8,0.000218586,3.9036381e-05,4.2352937e-05,3.772754e-05,0.00028301073,6.7126569e-05,0.0012359077,0.00011583757,0.99796041
20180105-093533-3.jpg,8,8,0.0007412656,0.00048685766,0.00099854214,0.00072244449,0.0011570899,1.2079851e-05,0.00061483497,0.00056043376,0.99470645
20180105-093545-2.jpg,8,8,0.0002857087,7.7664113e-05,0.00011379382,2.0444313e-05,0.00014760258,0.00053688968,0.0046701815,0.00085147835,0.99329624
20180105-093625-3.jpg,8,8,0.00041170839,9.7996678e-05,0.00013683658,0.00012496047,0.00054502453,7.7329946e-05,0.0011809489,0.00012652379,0.99729867
20180105-093716-2.jpg,8,8,7.5871583e-05,0.00016325887,4.007322e-05,1.5280491e-05,2.7142137e-05,0.00027428624,0.0026932233,0.00019708586,0.99651378
20180105-093725-3.jpg,8,8,0.00017158618,4.5501444e-05,3.2124297e-05,6.6817745e-05,7.6161216e-05,3.2088037e-05,0.00046052737,5.9973075e-05,0.99905522
20180105-093740-2.jpg,8,8,7.4284175e-05,7.2207294e-05,2.3795873e-05,1.3019136e-05,9.3524504e-06,4.531434e-05,0.00048772455,0.00014255296,0.99913175
20180105-093747-2.jpg,8,8,0.0014463798,0.00013101825,0.0014769739,0.00090538679,0.0099881311,0.00056863905,0.0080534157,0.015735689,0.96169437
20180105-093803-2.jpg,8,8,8.396257e-05,0.00012133211,3.8089777e-05,2.7657126e-05,1.3782995e-05,0.0003141783,0.0023201343,0.00015121241,0.99692965
20180105-093818-3.jpg,8,8,0.019766648,0.018172058,0.018863903,0.0050590078,0.015299625,0.00015957104,0.0054330831,0.0072905877,0.90995552
20180105-093850-3.jpg,8,8,0.0008983603,0.00019995851,0.00049205553,0.00038874945,0.0011746446,0.00012035121,0.001445468,0.00016334652,0.99511707
20180105-094049-3.jpg,8,8,0.00096378886,8.7019436e-05,0.00051749823,0.00024218131,0.001328104,0.00026973248,0.0032012409,0.00040514142,0.99298529
20180105-094101-3.jpg,8,8,0.00028536116,7.2596528e-05,0.0002450211,2.6143051e-05,0.0001949103,0.00010220716,0.00039890611,0.00018591543,0.99848894
20180105-094300-3.jpg,8,8,0.00079114851,9.0994953e-05,5.2794154e-05,0.00045972295,0.00026859085,5.3128104e-05,0.0008838296,0.00027742349,0.99712237
20180105-094814-2.jpg,8,8,0.00012224111,7.9055403e-05,3.0414988e-05,3.0594367e-05,1.7941333e-05,7.1274952e-05,0.0018933352,8.1520219e-05,0.99767362
20180105-094905-3.jpg,8,8,0.00046037839,7.0457856e-05,3.0346729e-05,2.6658267e-05,4.5361386e-05,0.00012549115,0.00060139448,0.00022238169,0.99841753
20180105-094918-2.jpg,8,8,0.00039243362,3.1040223e-05,0.0001054072,0.0004661418,0.00077938515,3.4214853e-05,0.00094406786,0.00024230347,0.99700501
20180105-094925-2.jpg,8,8,0.00013177475,0.0001500549,4.4791514e-05,3.3006551e-05,4.4638645e-05,0.00011968266,0.0020733323,0.00016019993,0.99724252
20180105-094941-2.jpg,8,8,0.022113172,0.0052892824,0.0012320621,0.003618826,0.0012872551,0.00048485187,0.00096029231,0.003950651,0.96106361
20180105-094942-3.jpg,8,8,0.0010594281,8.4101036e-05,0.0025019008,0.00028488119,0.0033346817,0.00017388416,0.0019550132,0.00058923164,0.99001688
20180105-094951-2.jpg,8,8,8.7700249e-05,6.8182832e-05,1.4075577e-05,9.4697783e-05,3.7881033e-05,2.4898023e-05,0.00043363296,9.3292047e-05,0.99914564
20180105-095047-3.jpg,8,8,0.00039216418,5.675123e-05,2.4383503e-05,0.00012518078,5.090816e-05,3.4710056e-05,0.00010781835,0.00027266368,0.99893542
20180105-095059-2.jpg,8,8,0.0001287106,0.00014703174,6.3940681e-05,2.5959469e-05,0.00012759899,8.1829787e-05,0.0040785728,0.00020744972,0.99513891
20180105-095157-2.jpg,8,8,0.00023404134,1.7792646e-05,4.0136309e-05,0.00014661456,0.00057399654,0.00015558289,0.00030572841,0.00026794782,0.99825816
20180105-095205-2.jpg,8,8,0.00013662143,3.3968492e-05,2.3824392e-05,2.6660527e-05,0.00010398989,1.8311728e-05,0.00044571935,0.00017673925,0.99903416
20180105-095219-2.jpg,8,8,0.0013414979,0.00014976157,0.00021189825,0.00070876004,0.0014889866,0.0004360959,0.00050785305,0.00021825174,0.99493689
20180105-095349-2.jpg,8,8,0.00013580592,0.00010582189,0.00015709839,2.1480132e-05,5.442328e-05,4.9300224e-05,0.001398046,0.00018650771,0.99789152
20180105-095443-2.jpg,8,8,0.00029194388,5.6504882e-05,4.2231357e-05,3.5805402e-05,0.00010403753,0.00012150505,0.0015545994,0.00021144788,0.99758192
20180105-095527-2.jpg,8,8,0.0030338757,8.3081019e-05,2.7724747e-05,7.432574e-05,0.00019252929,5.0788809e-05,0.00101262,0.0043439524,0.9911811
20180105-095544-2.jpg,8,8,7.4375051e-05,7.2524923e-05,0.00011063075,1.2322811e-05,3.9481415e-05,2.5396212e-05,0.00021590699,0.0001276445,0.99932172
20180105-095558-2.jpg,8,8,0.00021629979,0.00014880718,0.00018910234,2.9207229e-05,1.7233779e-05,5.6958374e-05,0.00031271819,0.00012979206,0.99889988
20180105-095605-2.jpg,8,8,0.0001594204,8.8980145e-05,0.00014447684,3.7065872e-05,3.6114916e-05,0.000108417,0.00075662545,0.00010412056,0.99856478
20180105-095611-3.jpg,8,8,7.8729884e-05,4.3472211e-05,2.253031e-05,2.724906e-05,5.6599718e-05,3.1659209e-05,0.00038386652,0.00010585702,0.99925004
20180105-095628-2.jpg,8,8,9.496773e-05,4.8198182e-05,0.00011439963,7.4819184e-05,8.2505505e-05,0.00015388242,0.0013448018,0.00042627595,0.99766015
20180105-095658-2.jpg,8,8,0.00052196432,7.9057096e-05,0.00013152989,0.00022740994,0.00018668963,0.00054495323,0.0064343417,0.0018386791,0.99003538
20180105-095757-2.jpg,8,8,0.00049821653,0.00014361972,0.0002909301,1.8071804e-05,5.2601777e-05,7.244438e-05,0.00023951769,0.00018411114,0.99850049
20180105-095816-3.jpg,8,8,9.7557745e-05,5.6791068e-05,2.6076776e-05,5.8380142e-05,9.649597e-05,1.7279793e-05,0.00079085287,2.5678703e-05,0.99883089
20180105-095846-2.jpg,8,8,0.00022935701,0.00011580596,7.0590561e-05,0.00014773565,3.9979301e-05,5.8226982e-05,0.0049718412,0.000455614,0.99391085
20180105-095915-2.jpg,8,8,0.00020142853,5.5819251e-05,4.5331305e-05,2.7863097e-05,2.1582927e-05,4.0516416e-05,0.00051671969,0.00013548466,0.99895525
20180105-095943-2.jpg,8,8,0.00038211629,0.00014883737,7.6816555e-05,4.9624757e-05,2.5635263e-05,0.00014029752,0.00082793771,0.00057661933,0.99777212
20180105-100017-3.jpg,8,8,0.00018933332,0.00012187654,4.0178818e-05,0.00012961523,5.3782765e-05,3.8719212e-05,0.00080851414,0.00014041631,0.99847756
20180105-100047-2.jpg,8,8,0.00014055137,7.9030274e-05,0.00021039452,2.3833104e-05,4.103964e-05,6.7972458e-05,0.00013585182,0.00011439497,0.99918693
20180105-100100-2.jpg,8,8,0.00034034166,0.00040567985,7.9522747e-05,0.00013690217,3.5120109e-05,0.00012848109,0.023458362,0.00067990014,0.97473569
20180105-100109-2.jpg,8,8,0.00032383642,8.3381118e-05,7.5365845e-05,2.3894031e-05,5.4845117e-05,4.0862635e-05,0.00028274928,0.00015971505,0.99895535
20180105-100155-2.jpg,8,8,0.00033561115,0.00033957745,0.00096124708,0.00052241319,0.0003431603,0.00042696323,0.038243767,0.0048663594,0.9539609
20180105-100214-2.jpg,8,8,0.00054705873,0.0033236192,0.00029202153,0.00051224799,4.0780621e-05,0.0002983869,0.065311377,0.0013176714,0.92835684
20180105-100246-2.jpg,8,8,0.00014499116,0.0002649865,0.0024814805,9.6065377e-05,0.00057899699,0.00024640071,0.0081198456,0.00092876392,0.98713847
20180105-100429-2.jpg,8,8,0.000419161,0.00055477823,8.657897e-05,9.2281585e-05,0.00010012689,4.4104636e-05,0.0031001318,0.00033253012,0.99527031
20180105-100512-2.jpg,8,8,0.00093149437,0.0074750411,0.0001457344,0.00037665314,5.0487796e-05,0.00080792939,0.14811905,0.0023804254,0.83971318
20180105-100538-2.jpg,8,8,0.00012691373,6.3206444e-05,0.00017153657,1.9518657e-05,2.6718055e-05,4.5526446e-05,8.1097603e-05,7.7904892e-05,0.99938758
20180105-100658-3.jpg,8,8,0.0008100736,0.00017760816,0.00038503214,0.00026215341,0.0013993381,3.363607e-05,0.0013420246,0.00024353441,0.9953466
20180105-100749-3.jpg,8,8,0.0011274842,0.0017158904,0.00022976013,8.0080005e-05,0.00031811915,0.0014368271,0.022574176,0.00048197026,0.97203569
20180105-100754-2.jpg,8,8,0.0016861125,9.345272e-05,0.00036549786,0.00011613787,0.00031184848,0.00010458029,0.00043851615,0.0019887706,0.99489508
20180105-100858-3.jpg,8,8,0.0016670197,6.9897851e-05,5.4232679e-05,0.00020847041,0.0012955231,0.00012577264,0.014151154,0.00031452146,0.98211341
20180105-100906-2.jpg,8,8,0.00054610937,8.772978e-05,6.690642e-05,2.0644e-05,2.2319288e-05,5.4689352e-05,0.00031359749,0.00026576802,0.99862224
20180105-101032-3.jpg,8,8,6.8001612e-05,5.9205186e-05,5.2001627e-05,3.8211107e-05,3.4788188e-05,5.4909355e-05,0.00022244449,0.00017311002,0.99929733
20180105-101202-2.jpg,8,8,3.5826329e-05,3.3924462e-05,3.9235029e-05,2.5862034e-05,0.00013537416,3.3018024e-05,0.00092787001,0.0001075582,0.99866133
20180105-101224-2.jpg,8,8,0.00010833629,8.3585654e-05,2.0878006e-05,4.3467772e-05,2.30458e-05,7.7913792e-06,0.00027120405,0.0001549454,0.99928675
20180105-101232-2.jpg,8,8,0.00021075069,0.00018374493,7.2477614e-05,0.00013930293,0.00032797383,7.5503585e-05,0.0013908141,0.00020606121,0.99739337
20180105-101248-2.jpg,8,8,5.1704083e-05,5.8714597e-05,2.9195609e-05,5.3208339e-05,2.4392704e-05,3.6931438e-05,7.2879997e-05,4.9901373e-05,0.99962307
20180105-101256-2.jpg,8,8,0.00039984183,0.00022298163,0.00011161291,0.00085937446,0.0006635093,7.3528488e-05,0.0054976145,0.0030739431,0.98909759
20180105-101313-2.jpg,8,8,0.011670385,0.0013965847,0.0020117694,0.00095953762,0.0062002645,0.00029558064,0.22913666,0.0033218141,0.7450074
20180105-101341-2.jpg,8,8,0.00010172948,5.129796e-05,3.3188828e-05,3.8990121e-05,5.2147422e-05,9.2352894e-05,0.00078473986,0.00032404265,0.99852151
20180105-101350-2.jpg,8,8,0.00010022491,5.8589682e-05,1.9099394e-05,1.2398309e-05,4.9982026e-05,5.0337036e-05,0.0015652262,0.000172823,0.99797132
20180105-101455-2.jpg,8,8,0.00029942636,0.00013008967,0.00014115555,2.9875737e-05,0.00033284719,0.00017078261,0.0053177321,0.00061637788,0.99296171
20180105-101610-2.jpg,8,8,0.0008920979,7.854125e-05,2.8928929e-05,3.5821385e-05,6.3081278e-05,8.0558796e-05,0.0011886663,0.00051531628,0.99711699
20180105-101633-2.jpg,8,8,0.00011620905,2.8455622e-05,7.6599409e-05,5.4420635e-05,4.2951342e-05,2.6477869e-05,0.00018437643,7.2193377e-05,0.99939832
20180105-101700-2.jpg,8,8,0.00029211735,7.5177156e-05,0.00021298458,2.1919913e-05,4.419974e-05,4.4202576e-05,0.00013936277,0.00013661127,0.99903342
20180105-101708-2.jpg,8,8,0.0010153866,0.0022438476,0.00021136063,0.00018343353,8.2352893e-05,0.00096840351,0.097210955,0.00073340218,0.89735086
20180105-101728-2.jpg,8,8,0.00040077272,0.00012635582,0.00019807646,2.3432044e-05,6.0806652e-05,6.4668073e-05,0.00014348488,0.00040842804,0.99857398
20180105-101736-2.jpg,8,8,0.00050071533,0.0010022241,0.00013297223,0.00020656522,2.4539676e-05,0.00033843747,0.03552993,0.00068335038,0.96158127
20180105-101744-2.jpg,8,8,0.00049806309,0.00017208104,0.0001093112,6.1740774e-05,2.3711785e-05,3.2700783e-05,0.0012335617,0.00016539412,0.99770344
20180105-101758-2.jpg,8,8,0.000289669,0.00014641323,2.9060105e-05,0.00012846761,2.569301e-05,8.7932961e-05,0.0006301959,0.00084710967,0.99781546
20180105-101817-2.jpg,8,8,0.006598018,0.0036035424,0.00025187165,0.00041292332,0.00012122227,0.00062056565,0.48078908,0.0045132514,0.50308952
20180105-101832-2.jpg,8,8,0.00041625535,0.00017020523,7.7405846e-05,0.00013752035,1.4290012e-05,2.4804384e-05,0.00033054982,0.0003969761,0.99843199
20180105-101904-2.jpg,8,8,0.00039423902,0.0063067438,0.003128329,0.00056185242,0.00017974551,0.0020463213,0.16138216,0.0046011392,0.82139947
20180105-101955-2.jpg,8,8,9.0790328e-05,0.0001119991,5.289077e-05,2.284926e-05,2.421406e-05,3.163172e-05,0.001089879,0.00012114797,0.9984546
20180105-102024-2.jpg,8,8,0.00011133143,2.6974015e-05,2.4574896e-05,2.4829811e-05,4.2779603e-05,1.8859965e-05,3.456591e-05,6.0831266e-05,0.99965525
20180105-102115-2.jpg,8,8,7.0334542e-05,4.0735948e-05,4.0167515e-05,1.2691866e-05,8.3100786e-05,1.0115472e-05,0.00039337903,7.2896777e-05,0.99927658
20180105-102302-1.jpg,8,8,6.5532994e-05,4.9461683e-05,1.7430978e-05,1.8591468e-05,2.3473556e-05,0.00013367855,0.00040166186,0.00013655279,0.99915362
20180105-102319-1.jpg,8,8,0.0023043983,6.2475361e-05,0.00067330689,0.00036618229,0.0052590036,3.8014298e-05,0.0023097532,0.0011500801,0.98783679
20180105-102339-1.jpg,8,8,5.1081901e-05,2.0337567e-05,9.3143159e-06,1.131396e-05,2.1934729e-05,6.0827932e-06,4.7294622e-05,3.689384e-05,0.99979575
20180105-103706-2.jpg,8,6,0.00051245561,0.00082989219,0.00058896408,0.00064246999,0.00049283753,0.0015471372,0.79177718,0.0049314515,0.19867761
20180105-104428-1.jpg,8,8,0.0023040014,0.00010513585,0.0026371497,0.00051360078,0.0051856617,0.00012921784,0.00021470831,0.00023854882,0.98867198
20180109-065853-2.jpg,8,8,0.00014066472,4.4651783e-05,2.9842183e-05,1.976776e-05,6.7343292e-05,5.0188951e-05,0.00066288583,9.4329134e-05,0.99889033
20180109-070000-1.jpg,8,8,6.762022e-05,8.9756575e-05,1.8434504e-05,3.0480784e-05,1.2317075e-05,2.3304387e-05,0.00094613896,5.2055816e-05,0.99875989
20180109-070000-2.jpg,8,8,0.00042080946,0.00039435251,0.0015315274,0.00036190361,0.0035576767,0.0038034931,0.0032179323,0.00026617841,0.98644613
20180109-070059-2.jpg,8,8,0.00011597988,0.00021329118,0.00076308392,0.00013962139,0.00041163601,0.00031908945,9.6666878e-05,0.00014152439,0.99779911
20180109-070118-2.jpg,8,8,4.3681212e-05,0.00037941959,0.0023384559,7.3782629e-05,0.00018466227,0.00080677918,0.00020197342,0.00018008923,0.99579116
20180109-070124-1.jpg,8,8,7.226474e-05,0.00037623557,9.3239082e-05,9.5614565e-05,2.2959837e-05,0.00038549798,0.00016543986,0.00013550218,0.99865325
20180109-070154-2.jpg,8,8,0.00042158619,0.00036647962,0.00026179561,0.0001313851,0.00074746126,0.00044902201,0.00012879543,0.00034894308,0.99714453
20180109-070211-1.jpg,8,8,6.3763418e-05,0.00054716456,6.7149606e-05,0.00020595014,0.00017493868,0.00051618635,0.057743659,0.00027423965,0.94040695
20180109-070732-1.jpg,8,8,7.4370935e-05,8.7623375e-05,1.9119803e-05,5.0845554e-05,1.8285535e-05,2.6889198e-05,0.00011537382,0.00010334897,0.99950414
20180109-070826-2.jpg,8,8,0.0024163635,0.0008589594,0.0024410415,0.00077492419,0.0027776515,0.00017844347,0.00021491526,0.0011709847,0.98916672
20180109-070837-1.jpg,8,8,0.00014761644,0.00023442513,0.00049777783,6.4673538e-05,0.00012006605,0.00027088471,0.0022572445,0.00059678538,0.99581053
20180109-070909-1.jpg,8,6,0.00015624039,0.0015122283,0.00017305354,0.00027655773,0.00014100423,0.0092757363,0.77953329,0.00027598543,0.2086559
20180109-070954-2.jpg,8,6,0.0029223035,0.0073233942,0.00060871062,0.00042373035,0.0031032207,0.0033132727,0.96293007,0.0012673069,0.018107996
20180109-071004-2.jpg,8,8,0.00049905174,0.0002281011,0.00093950888,0.0003229384,0.0003248888,0.0003578195,0.00013655603,0.00011702103,0.99707411
20180109-071048-2.jpg,8,8,0.0015476107,0.0014058065,0.00085508741,0.00040979751,0.0017535319,0.0040271885,0.016627641,0.0014565941,0.97191674
20180109-071157-2.jpg,8,8,9.6656566e-05,0.00098785366,0.00074179841,5.5881517e-05,7.5070087e-05,0.0013868008,8.2679862e-05,0.0001843306,0.99638893
20180109-071214-2.jpg,8,8,0.00098114868,0.0023239713,0.0024193146,0.0018819436,0.0078197385,0.020768745,0.04525873,0.0015263144,0.91702009
20180109-071220-1.jpg,8,8,5.8722563e-05,0.00045788947,8.3528946e-05,7.0107949e-05,0.0001666071,0.0031159452,0.013001895,0.00012905036,0.98291625
20180109-071333-2.jpg,8,8,0.00033648383,0.00038786272,0.00034499528,0.00067467801,0.0013207133,0.00036079956,0.00033774421,0.00022534933,0.99601137
20180109-071343-1.jpg,8,8,0.0016394942,0.00025306316,0.00053931628,0.00011714759,0.00029475496,2.5507905e-05,7.5112744e-05,0.002679528,0.99437608
20180109-071437-2.jpg,8,8,2.7996348e-05,0.00010111467,0.00062013962,0.00021878829,5.1550934e-05,0.00014329303,0.0026049574,0.00062423552,0.99560792
20180109-071546-1.jpg,8,6,0.00026439812,0.00035842461,0.00015020641,0.00010013224,0.00024420983,0.0026358245,0.79981605,0.00022898302,0.19620177
20180109-071546-2.jpg,8,8,0.00024186952,7.7538357e-05,6.6862136e-05,0.00019109334,0.00042199519,0.0020600564,0.0076087268,0.00041768208,0.98891418
20180109-071557-1.jpg,8,8,0.00035265779,0.00059419137,9.1868276e-05,0.00043100866,0.00010052679,0.00059072033,0.003927145,0.0024622882,0.99144959
20180109-071627-2.jpg,8,8,0.00039019074,0.00061726245,0.0068418961,0.00081346848,0.00030800272,0.00032261543,0.0030554932,0.004250749,0.98340032
20180109-071643-2.jpg,8,8,0.00074161388,0.0010245483,0.00026613963,0.00063064877,0.00067306869,0.0013795612,0.0014826566,0.0016251879,0.99217658
20180109-071651-2.jpg,8,8,0.00022394125,0.00037515422,0.00030662409,0.00032928569,0.0018483548,0.00076467101,0.00094690981,0.0016699669,0.99353509
20180109-071708-1.jpg,8,8,6.2071439e-05,0.00010684314,4.1808711e-05,3.3956084e-05,1.9789499e-05,1.4218226e-05,0.00046787765,6.5280744e-05,0.99918815
20180109-071804-1.jpg,8,8,9.6698662e-05,0.00074237396,8.9182687e-05,0.00023819805,5.0904653e-05,3.3785843e-05,0.0038007446,0.00011372352,0.99483439
20180109-071845-1.jpg,8,8,0.0002072894,0.0027945064,5.6679951e-05,0.00026595146,5.9628776e-05,0.00021182614,0.0011106288,0.00044734985,0.99484614
20180109-071910-1.jpg,8,8,0.028317994,0.0007050442,0.00037438113,6.1262171e-05,0.00029442783,0.00023927426,0.0010316864,0.0018968068,0.96707912
20180109-071951-2.jpg,8,8,0.0035147646,0.0020393602,0.013221411,0.0013586788,0.02319615,0.014956388,0.011314348,0.10262723,0.82777167
20180109-072219-2.jpg,8,8,4.8150897e-05,9.6531567e-05,0.00035369151,8.2375759e-05,7.8703864e-05,0.00013357674,0.00014897189,0.00013588251,0.99892212
20180109-072309-2.jpg,8,8,0.00042852854,0.00052012937,0.00062679961,0.00070304347,0.00061539456,0.0003775577,0.00032422201,0.00078131806,0.99562301
20180109-072327-1.jpg,8,8,0.00013346541,6.550816e-05,2.3717877e-05,0.00017895224,0.00011719051,0.00010516998,0.0017698248,4.1205106e-05,0.99756497
20180109-072341-1.jpg,8,8,0.00012133608,8.3421845e-05,4.9080365e-05,0.00010607616,0.00011632123,0.00036931917,0.0016923259,0.00012775138,0.99733437
20180109-072402-1.jpg,8,8,0.00023469197,0.00015846506,7.2600027e-05,8.3327896e-05,4.4305062e-05,0.0010414681,0.00079695765,0.0001681115,0.99740007
20180109-072501-2.jpg,8,8,0.00046322034,0.0010685529,0.0037425234,0.00083467249,0.00052863564,0.00053240431,0.13152341,0.0091581252,0.85214845
20180109-072527-2.jpg,8,8,0.0003612588,0.00037776386,0.040950472,0.0013338112,0.015213828,0.00023014982,0.00028971538,0.00086960117,0.9403734
20180109-072534-1.jpg,8,8,0.001240337,0.0017787235,0.00014711833,9.8100332e-05,0.00013278758,0.00013892375,0.027324414,0.0032988537,0.96584074
20180109-072554-2.jpg,8,8,0.0003004044,0.00021953118,0.00068754187,0.00011970334,0.00033210033,0.00013466325,0.0093192737,0.00024371568,0.98864307
20180109-072606-1.jpg,8,8,0.00015085781,0.0004881267,4.3130377e-05,0.00012807502,2.856426e-05,0.00010098844,0.01057047,0.00015545655,0.98833433
20180109-072622-1.jpg,8,8,9.0962555e-05,0.00025606095,8.525765e-05,0.00022819845,0.00012631592,7.7963355e-05,0.0046634376,0.00026221769,0.99420959
20180109-072632-1.jpg,8,8,3.1338383e-05,5.6483555e-05,1.5234504e-05,5.5160847e-05,1.5921563e-05,3.7374154e-05,0.0010096804,2.9944068e-05,0.99874886
20180109-072648-1.jpg,8,8,9.9658439e-05,0.00034936332,3.846208e-05,6.7543283e-05,4.8700989e-05,3.5744105e-05,0.015318086,9.39608e-05,0.98394848
20180109-072740-2.jpg,8,8,0.0060007505,0.00049420313,0.0004667544,0.00048988707,0.00033367969,9.4234202e-05,0.0015251004,0.0017838319,0.98881156
20180109-072752-2.jpg,8,8,0.0089586209,0.015521137,0.00017295311,0.00074880609,0.001479486,0.001931544,0.2525523,0.00074604622,0.71788911
20180109-072803-1.jpg,8,8,0.0001139855,7.5063278e-05,3.3132253e-05,0.00052077502,0.00010025771,6.3323744e-05,0.00034578689,0.00013854988,0.99860913
20180109-072828-2.jpg,8,8,0.0001033159,0.00030788083,0.00091229374,0.0006090753,0.001683012,0.00049662005,0.055929525,0.0003619424,0.93959633
20180109-072834-1.jpg,8,8,4.5887458e-05,0.00040554189,5.7011591e-05,0.0001012775,3.1010539e-05,0.00026683335,0.0030527526,0.00023126968,0.99580842
20180109-072920-1.jpg,8,8,8.1798273e-05,8.0008588e-05,2.8785107e-05,4.0588922e-05,2.1900606e-05,8.8953106e-05,0.0025748676,0.0001390898,0.99694401
20180109-072959-1.jpg,8,8,0.00020475828,0.00025033265,8.2053742e-05,0.00010356769,0.00014514202,0.0012235947,0.021842934,0.00042164521,0.97572597
20180109-073016-1.jpg,8,8,0.00013669851,0.0013182806,0.00018382328,0.00011654207,0.00017677143,0.0018637677,0.00045961309,0.00020762493,0.99553688
20180109-073024-2.jpg,8,8,0.003801024,0.00043283705,0.0057447721,0.0020150267,0.00055825342,9.720082e-05,0.00024794392,0.034040109,0.95306283
20180109-073129-2.jpg,8,8,0.003504389,0.021755597,0.011223192,0.00025209475,0.00012111913,0.00035106855,0.0018466589,0.0012810537,0.95966483
20180109-073133-1.jpg,8,8,5.153399e-05,8.2588417e-05,0.00040565332,8.8083235e-05,0.00014824216,0.00039296081,0.00023794476,0.00019234898,0.99840064
20180109-073156-2.jpg,8,8,0.00070459967,0.0017355217,0.00040283563,0.00010821949,0.00059202165,0.00067937605,0.016167158,0.00013129815,0.97947897
20180109-073223-1.jpg,8,8,0.00085557631,0.001144546,2.280396e-05,0.00020669373,3.1475163e-05,6.9806726e-05,0.00012220216,0.00029713365,0.99724976
20180109-073225-2.jpg,8,8,0.00018041702,0.0019797186,0.00024608574,0.00019503337,0.00010821896,0.00040116812,0.00056150961,0.0011640426,0.99516381
20180109-073235-2.jpg,8,8,0.00020174117,0.0058540611,0.0012932639,0.00023233906,0.00011570945,0.00085918223,0.00072738903,0.0016550914,0.98906122
20180109-073313-2.jpg,8,8,0.0010689846,0.0029959155,0.001623066,0.00018589497,0.0013960166,0.0009849744,0.0047009844,0.00028668153,0.98675748
20180109-073400-2.jpg,8,8,0.0085977881,0.0030312268,0.0019660302,0.00031600687,0.0043632448,0.0056374987,0.045197015,0.00097064587,0.92992054
20180109-073835-2.jpg,8,8,0.00020518323,0.035351362,0.00030289095,8.4329327e-05,6.6524683e-05,0.00015515468,0.00017625494,0.0023014557,0.96135684
20180109-073844-2.jpg,8,8,0.00058519283,0.13562292,0.0011027147,0.00015979435,0.00015150807,0.00024250974,0.0039342263,0.0014772692,0.85672386
20180109-073916-2.jpg,8,8,0.028636872,0.0028307764,0.00034365364,0.00012929972,0.0012292338,0.00082555987,0.00026306387,0.019923189,0.94581835
20180109-074022-1.jpg,8,8,0.00029591599,0.00098669192,0.0042010134,0.0013889278,0.00043115918,0.0038186836,0.0049929771,0.0016405243,0.98224411
20180109-074030-2.jpg,8,8,0.10441393,0.011202058,0.00052168194,0.00087576126,0.0023031328,0.00072770726,0.00042217312,0.062639415,0.81689414
20180109-074039-1.jpg,8,8,6.5095548e-05,5.8381114e-05,4.7404638e-05,5.8059473e-05,1.3932702e-05,2.2156436e-05,7.6143302e-05,0.00016005652,0.99949877
20180109-074135-1.jpg,8,8,0.00027890048,0.00042501414,0.00068479818,0.00026327952,0.00024354007,0.00081302251,0.0004143863,0.0001780705,0.99669899
20180109-074156-2.jpg,8,8,0.2606882,0.029587288,0.0051863499,0.017384932,0.0015494532,0.01806533,0.00086085004,0.13209269,0.53458491
20180109-074248-1.jpg,8,8,0.0035281561,0.00060727074,0.00085780234,0.00053675978,0.00076004733,0.0027114525,0.0018532567,0.005758459,0.9833868
20180109-074258-2.jpg,8,8,0.0010827058,0.0044739951,0.0010925496,0.00027394432,0.0013170512,0.00056502009,0.017332152,0.0007349639,0.97312762
20180109-074306-2.jpg,8,8,0.0035896826,0.0074048971,0.0013543544,0.00029757937,0.00064089225,0.0020192686,0.00078269566,0.00044941542,0.98346121
20180109-074349-2.jpg,8,8,0.0004992685,0.00071561435,0.00025133895,0.00034398682,0.0002750129,0.00061858927,0.00036665892,0.00018793477,0.9967416
20180109-074410-1.jpg,8,8,0.00013567656,0.00021484217,3.8776448e-05,0.00011885021,3.4768564e-05,0.00038243787,0.0037183322,0.00039990668,0.99495641
20180109-074440-1.jpg,8,8,6.9835032e-05,0.00015043611,4.1010583e-05,6.5094083e-05,1.7730365e-05,0.00019988435,0.0010211746,0.00035465471,0.99808018
20180109-074457-2.jpg,8,8,0.024628383,0.0032783969,0.00071114132,0.00017300929,0.0017015631,0.00065751131,0.00013188354,0.0023982993,0.96631981
20180109-074539-2.jpg,8,8,0.019560983,0.0019565237,0.00210647,0.0011283183,0.0017885864,0.00056646385,0.00015704511,0.025567678,0.94716793
20180109-074543-1.jpg,8,8,0.00081527834,0.00037064631,0.00081776953,0.00011536349,0.0003773288,0.00032257073,0.00083382348,0.00038966869,0.99595755
20180109-074604-1.jpg,8,8,3.3713319e-05,4.3454756e-05,8.1560143e-05,1.2908751e-05,0.00013166257,7.3551888e-05,0.00045855372,4.5349148e-05,0.99911925
20180109-074617-2.jpg,8,8,0.26544058,0.005375663,0.002551056,0.0019499697,0.004563604,0.0023493595,0.0032364129,0.041757297,0.67277606
20180109-074740-1.jpg,8,8,0.00086484096,0.00011818325,0.00053748457,0.00081821459,0.001201052,0.0010828182,0.0065294363,0.00095223049,0.98789574
20180109-074833-1.jpg,8,8,8.6210912e-05,5.9850018e-05,4.3525772e-05,4.4637024e-05,6.2938975e-05,0.00021141314,0.0057464984,0.00041815882,0.99332677
20180109-074841-2.jpg,8,8,0.006839289,0.0052853807,0.00081200774,0.00012813333,0.0004170404,0.00095407198,0.0081750747,0.00016254289,0.97722646
20180109-074924-1.jpg,8,8,0.00041441076,0.00037254753,0.00024498721,1.7930502e-05,9.6443245e-05,0.00029005228,0.00029561848,0.00086245942,0.99740555
20180109-075105-1.jpg,8,8,0.0039408339,0.01324382,0.00046211074,0.00054224137,0.0006416623,0.0012544767,0.10958379,0.12039284,0.74993822
20180109-075110-2.jpg,8,8,0.0016166476,0.0003245506,0.0018098856,0.0004210181,0.00099909683,0.0010834714,0.00035000472,0.00016252307,0.9932328
20180109-075157-1.jpg,8,8,0.00041602104,0.00016168107,0.0001922799,0.00015015078,0.00053464153,5.8947461e-05,0.00077801091,0.00050403758,0.99720423
20180109-075232-2.jpg,8,8,0.025635593,0.0025766796,0.0018003999,0.0018046112,0.00071826126,0.0012455413,0.13248375,0.00058517116,0.83314999
20180109-075237-1.jpg,8,8,5.4854196e-05,6.5085295e-05,5.5848052e-05,5.4477039e-05,2.2286806e-05,0.00010674454,0.00035835654,0.00012334949,0.999159
20180109-075247-2.jpg,8,6,0.036084175,0.00035209769,0.00095964511,0.096229078,0.025308886,0.00097015011,0.47801626,0.0017281313,0.36035158
20180109-075319-2.jpg,8,8,0.00042993071,0.0008582675,0.0001504768,0.00019369944,0.0014122594,0.0020586158,0.011042202,0.00017959549,0.98367495
20180109-075329-2.jpg,8,8,0.0019504226,0.00036774425,0.00067710058,0.00018186122,0.0021360308,0.0019103727,0.0012843359,0.00043311857,0.99105901
20180109-075337-2.jpg,8,8,0.0023412352,0.00088003749,0.0031319033,0.00038098027,0.0064965327,0.0023169283,0.00085367286,0.0016463993,0.98195231
20180109-075356-2.jpg,8,6,0.00033772077,0.06895394,0.00032844367,3.8164463e-05,0.00015510481,0.0021799015,0.91465131,0.001423864,0.011931551
20180109-075430-2.jpg,8,8,0.00026514739,0.00063452134,0.00020683172,9.6175991e-05,0.00031436473,0.0016256143,0.45457193,0.00028005632,0.54200536
20180109-075456-1.jpg,8,8,5.4961995e-05,0.00010354847,0.00010333496,0.00010465998,3.0804413e-05,3.1411209e-05,0.00031854383,0.0001270036,0.99912573
20180109-075509-2.jpg,8,8,5.6391722e-05,3.3519601e-05,9.4594342e-05,6.5141515e-06,1.6066447e-05,1.4435142e-05,2.6012316e-05,0.00015506235,0.9995974
20180109-075517-2.jpg,8,8,3.7398762e-05,0.00020913975,4.8456537e-05,2.7908968e-05,2.0651243e-05,4.0609948e-05,0.0025349101,0.00025012024,0.9968308
20180109-075655-2.jpg,8,8,0.0044246193,0.00052232439,0.0010313139,0.00030004126,0.0016804219,0.00057623778,0.015943492,0.00067929769,0.97484225
20180109-075712-2.jpg,8,8,0.00077613934,0.00061074267,0.00061586112,0.00036082738,0.00083559178,0.00082718529,0.000554953,0.00026150292,0.9951572
20180109-075720-2.jpg,8,8,0.0020451091,0.00042570525,0.0012049955,0.00030467214,0.00056405423,0.00028516465,0.0002946256,0.00072830961,0.99414736
20180109-075741-2.jpg,8,8,0.0015142809,0.0026933326,0.0014874519,9.4352567e-05,0.00068319105,0.00075091967,0.043120923,0.014034981,0.93562057
20180109-080016-1.jpg,8,8,0.00029760123,0.0010440344,4.6961139e-05,7.4706772e-05,0.00012994552,0.00013564595,0.010468899,0.0002015202,0.98760069
20180109-080127-2.jpg,7,7,0.0023928424,0.0072978733,0.0012263426,0.00052540923,0.00064268272,0.001070004,0.05464284,0.89201809,0.040183917
20180109-080141-1.jpg,8,8,0.00014993527,0.00014827766,9.5131903e-05,4.3463687e-05,4.6246813e-05,0.0001090193,0.0050702517,0.00019352323,0.99414415
20180109-080148-2.jpg,7,7,0.0098983483,0.0047257044,0.0003158362,0.00015470874,0.0016058772,0.0013645455,0.15665678,0.79528215,0.029996048
20180109-080158-1.jpg,8,8,0.000123387,0.00011197652,0.00014527774,2.9233129e-05,5.7542604e-05,0.00010863507,0.0010049504,0.00013270763,0.99828629
20180109-080219-2.jpg,7,7,0.0035198924,0.0029822511,0.00027306653,0.00016951889,0.00017680662,0.00081673246,0.0022131403,0.96736697,0.022481621
20180109-080311-1.jpg,8,8,0.00031856057,7.7711636e-05,2.7022287e-05,0.00010499955,4.7586964e-05,6.896327e-05,0.0018539529,0.0002956646,0.99720554
20180109-080420-1.jpg,8,8,0.00014986373,4.6488975e-05,2.5220131e-05,7.743668e-05,4.9375683e-05,9.48838e-05,0.00055058033,6.8941435e-05,0.99893721
20180109-080518-2.jpg,8,8,0.00012532213,0.00020850768,0.00047034869,0.00011643237,0.00087191995,0.0011703404,0.00084587485,0.00028319359,0.99590806
20180109-080602-2.jpg,8,8,0.0001862637,0.00023748495,0.00025611348,5.79533e-05,0.00017863293,0.00057264544,0.04422531,0.0004036472,0.95388195
20180109-080610-2.jpg,8,8,0.0005242935,0.00081072118,0.002298637,0.00032389511,0.00074890407,0.0027312597,0.0020458453,0.00041121402,0.99010523
20180109-080631-2.jpg,8,8,0.00011221125,0.00015852519,0.00038214011,4.2972796e-05,5.5220728e-05,4.7840255e-05,0.0064923468,0.00023117197,0.99247757
20180109-080736-2.jpg,8,8,0.00018866893,0.0001008077,3.5948768e-05,1.8174538e-05,1.5690015e-05,3.0114132e-05,0.00012121038,0.00027745378,0.99921193
20180109-085140-2.jpg,7,1,0.019994068,0.49060582,0.0029448786,0.048485249,0.00059566819,0.0012462265,0.001473783,0.42506562,0.0095886872
20180109-085308-2.jpg,8,8,0.020116953,0.011431173,0.00091979165,0.0060758195,0.0010560229,0.001352498,0.0013871444,0.0053594811,0.95230112
20180109-085325-2.jpg,8,8,0.16943462,0.027105447,0.00032841929,0.010143951,4.3205919e-05,0.0016049467,0.0012448507,0.084876382,0.70521818
20180109-085343-2.jpg,8,8,0.099603117,0.026320118,0.0011189114,0.051694535,0.00063339365,0.00053119434,0.00067481019,0.061699955,0.75772397
20180109-085410-2.jpg,8,8,0.0074165968,0.0057580594,0.00039457747,0.0011341972,0.00013812503,0.21934876,0.0034762843,0.0086067187,0.75372668
20180109-085451-2.jpg,8,8,0.00025364069,0.00022749682,0.00011044742,0.00015559738,4.7053082e-05,4.6887423e-05,4.3884898e-05,0.0016802171,0.99743478
20180109-085504-1.jpg,8,8,0.0014364589,0.00032832924,9.3604323e-05,0.0019293374,0.00079999575,4.4773744e-05,0.00055666098,0.0003010169,0.99450982
20180109-085529-1.jpg,8,8,0.0023463013,0.0034970972,0.00017329396,0.15363901,0.00048402377,0.0062061083,0.0026389474,0.0046174058,0.82639781
20180109-085534-2.jpg,8,8,0.00032732628,0.0016062056,0.00018787027,0.041206594,5.5157195e-05,0.00013547345,4.8525441e-05,0.00035799223,0.95607486
20180109-085739-1.jpg,8,8,0.00031338468,0.00030455836,6.4403084e-05,0.00027020868,1.3670855e-05,5.4892771e-05,1.9978446e-05,9.1462236e-05,0.99886744
20180109-085747-2.jpg,7,7,0.0083922821,0.015778376,0.00078828158,0.00023029975,4.2146192e-05,0.0011978189,0.0008008713,0.94947836,0.023291563
20180109-085840-1.jpg,8,8,0.0073521652,0.00083094392,0.00018821483,0.04319909,0.00022094744,0.00026175322,0.00098364893,0.02307492,0.92388832
20180109-085921-1.jpg,8,8,0.00089746648,0.0018612506,2.4043284e-05,0.0064069047,0.00010444627,2.2840533e-05,2.8062683e-05,0.0001498349,0.99050515
20180109-085932-1.jpg,8,8,0.0055106701,0.098873089,0.0026098063,0.0079145152,6.6860286e-05,0.006142463,0.00018327837,0.0070008679,0.87169845
20180109-085934-2.jpg,8,8,0.00081765777,0.00048265448,0.00062440921,0.0026839763,2.8319184e-05,0.00078152663,0.00013255088,0.00048888707,0.99396002
20180109-085942-2.jpg,8,8,0.001301112,0.00028527229,7.9345626e-05,0.0020444767,1.7100453e-05,0.00015890065,6.6245766e-06,0.00070801994,0.99539915
20180109-090002-2.jpg,8,8,0.011444837,0.0020830762,0.00012129394,0.00022804591,5.2687232e-05,0.00067731388,0.0015040723,0.031900914,0.95198776
20180109-090103-1.jpg,8,8,0.28440983,0.014671607,0.00065555893,0.0035498053,0.00015065965,0.0095242209,0.00029542104,0.086536188,0.60020671
20180109-090131-1.jpg,8,8,0.00029350656,7.5104349e-05,3.9053903e-05,6.383731e-05,1.1443865e-05,2.243032e-05,4.6374484e-06,0.0013159199,0.99817407
20180109-090154-1.jpg,8,8,0.001181938,8.715516e-05,2.092816e-05,0.00012109847,1.223397e-05,4.8702355e-05,6.6074535e-05,0.00092779484,0.99753407
20180109-090221-2.jpg,8,8,0.0073595077,0.00064142628,0.00019741673,0.00065986611,2.9663502e-05,0.0001134653,2.9124406e-05,0.011963475,0.97900606
20180109-090240-2.jpg,8,8,0.1113647,0.001090085,0.00012510341,0.0052549229,8.1102102e-05,0.00016017322,0.00015552356,0.025313768,0.85645462
20180109-090254-1.jpg,8,8,0.035047098,0.0013738753,0.00013295043,0.00036694549,4.8045079e-05,0.00058787857,6.4169572e-05,0.011061769,0.95131727
20180109-090307-2.jpg,8,8,0.28830339,0.0016071143,0.00024252623,0.0068128514,0.00035702023,0.00059446013,3.4289943e-05,0.0458225,0.65622585
20180109-090333-2.jpg,8,8,0.0027104315,0.0021349891,0.0057295203,0.00042302807,0.00045935997,0.0043843719,0.0011196073,0.0052821496,0.97775654
20180109-090342-1.jpg,8,8,0.00010019158,0.00023727271,4.9144227e-05,0.00016346105,1.1696177e-05,0.00044349312,4.1812774e-05,0.00026633534,0.99868659
20180109-090402-1.jpg,8,8,0.0057469537,0.0015637014,9.0495277e-05,0.00065620757,1.3261394e-05,0.0003239517,2.9552139e-05,0.00075421165,0.99082167
20180109-090426-1.jpg,8,8,0.0050969141,0.00045516075,7.7180412e-05,0.00383301,2.1879307e-05,2.7636772e-05,1.1937423e-05,0.004553229,0.98592305
20180109-090446-1.jpg,8,8,0.0009983,0.00014886707,4.9712736e-05,0.00032849262,7.6242372e-06,2.0751604e-05,1.8605162e-05,0.0024209441,0.9960067
20180109-090509-2.jpg,8,8,0.0035460048,0.00031031337,0.00041067372,0.0006071714,8.36984e-05,0.00011648646,3.7567223e-05,0.018488446,0.97639964
20180109-090512-1.jpg,8,8,0.0025994063,0.00040751022,0.00018359532,0.0013182182,4.0829724e-05,0.00014558991,5.187256e-05,0.023813119,0.97143986
20180109-090517-2.jpg,8,8,0.011285445,0.00054989557,0.00030672502,0.0013139589,0.00028394929,0.00016555562,2.0212988e-05,0.007326549,0.97874771
20180109-090737-2.jpg,8,8,0.0034614997,0.00076822492,0.0028890179,0.0083026075,0.001508567,0.025873112,0.00092239032,0.0019191474,0.95435543
20180109-090745-2.jpg,8,8,0.0067160692,0.0066285725,0.0026422655,0.026078878,0.003111203,0.010920975,0.0015627664,0.016014719,0.92632455
20180109-090856-2.jpg,8,8,0.0014206706,0.00062264449,6.9590571e-05,0.00058190781,3.6437865e-05,0.00062192915,1.4476606e-05,0.0074910744,0.98914127
20180109-090914-2.jpg,8,8,0.0040384959,0.0017221091,0.00045975283,0.0012124385,5.5895106e-05,0.0014021365,5.0624777e-05,0.0021315908,0.98892696
20180109-090929-2.jpg,8,8,0.03538742,0.0034476684,0.0012528306,0.0028985553,0.00036607322,0.00079695964,0.00018291667,0.0095689251,0.94609865
20180109-090944-1.jpg,8,8,0.0061007995,0.00026669677,0.00018219824,0.00018075098,9.5316264e-05,5.5492572e-05,0.00011204197,0.0026556767,0.99035103
20180109-090947-2.jpg,8,8,0.00021509854,0.00046928806,8.5673715e-05,0.0052416897,2.8394752e-05,0.00038482706,0.00011254664,0.0018653507,0.99159713
20180109-091058-2.jpg,8,8,0.00017657733,7.9860254e-05,0.00011730746,0.00036957186,9.4350488e-05,0.00039582991,0.00018637423,0.0001336619,0.99844647
20180109-091334-2.jpg,8,8,0.00012455556,0.00012197314,3.5412371e-05,0.00028865548,1.6221108e-05,5.5197671e-05,0.00020148539,0.00031106319,0.99884544
20180109-091353-2.jpg,8,8,5.3319781e-05,3.9407237e-05,1.35783e-05,6.3536916e-05,1.9468355e-05,4.4811964e-05,0.00037664974,0.00014587796,0.99924335
20180109-091402-1.jpg,8,8,0.0022909874,0.000203877,0.00014290844,0.012453118,0.00023538824,0.00038373827,0.00080490696,0.0022045963,0.98128048
20180109-091440-1.jpg,8,8,0.0010832455,0.00018646476,0.0001693487,0.00057466876,0.00012493511,5.3529406e-05,0.00091834131,0.00032000517,0.99656946
20180109-091559-2.jpg,8,8,0.00043794129,0.00041870296,0.00026259172,3.5248324e-05,0.00030378123,2.3847293e-05,0.00013401809,0.0054664612,0.99291741
20180109-091640-1.jpg,8,8,0.030316241,9.4950288e-05,0.00051328075,0.0015688546,0.0012198774,0.0017788308,0.0030004462,0.0031981894,0.95830933
20180109-091652-2.jpg,8,8,0.0001360786,0.00013443402,0.00020410175,7.3136482e-05,0.00041201766,3.2642321e-05,0.00014184763,0.00031735972,0.99854838
20180109-091719-2.jpg,8,8,0.00017456549,0.00015514593,0.0001466201,5.2603511e-05,0.00081743401,4.3852234e-05,0.00010226693,0.00032073302,0.99818678
20180109-091736-2.jpg,8,8,0.00014516193,7.4513368e-05,4.0378015e-05,3.6839718e-05,5.4390648e-05,3.3650214e-05,2.188666e-05,0.00039864162,0.99919454
20180109-091748-2.jpg,8,8,0.013654132,0.00097899453,6.4361407e-05,0.0014675839,6.2256973e-05,1.9081505e-05,1.3926835e-05,0.012330446,0.97140922
20180109-091822-1.jpg,8,8,0.010435878,0.0002954521,0.00025742398,0.0024326208,0.00025490393,0.00040907615,0.00045615137,0.0012006665,0.98425783
20180109-091900-2.jpg,8,8,0.16813571,0.0075735062,0.00012848606,0.00051650677,0.00036523897,9.5522047e-05,0.010777379,0.061774488,0.75063316
20180109-091907-2.jpg,8,8,0.0013306724,0.0036716175,0.0012518799,0.0005874112,0.00018495589,0.00013650697,0.00012307273,0.0010241993,0.99168968
20180109-091927-2.jpg,8,8,0.0010606772,0.0016118661,0.00056637165,0.26424034,0.00034329877,0.00013425305,0.0006044676,0.00010368688,0.73133504
20180109-091942-1.jpg,8,8,0.0004268896,2.7590559e-05,1.7615927e-05,0.0002090619,2.9360604e-05,2.2662699e-05,3.3914844e-05,0.00022715954,0.99900574
20180109-092016-2.jpg,7,7,0.0026412451,0.00028958952,0.00019671496,0.00038555373,0.00016812611,6.3035981e-05,0.0024742158,0.99015176,0.0036297542
20180109-092025-1.jpg,8,8,0.00063092234,5.4211064e-05,1.1581453e-05,0.0011919119,2.0221334e-05,3.7342515e-05,2.625986e-05,0.00047345629,0.99755409
20180109-092052-1.jpg,8,8,0.00052238511,7.4342268e-05,3.3157601e-05,4.6859912e-05,3.9736667e-05,3.4955799e-05,7.5547515e-05,0.0012962475,0.99787677
20180109-092108-2.jpg,7,7,0.0024704561,0.00015405596,7.2350894e-05,0.0006139029,0.00011063028,0.0003276066,0.0013028485,0.99154221,0.0034059432
20180109-092118-1.jpg,8,8,0.00020046694,3.2550266e-05,2.7595149e-05,3.1098644e-05,3.0361283e-05,1.7800198e-05,7.0351965e-05,0.00030898221,0.99928079
20180109-092137-2.jpg,7,7,0.0026140534,0.00029053635,0.00012673073,0.00050224823,3.1440997e-05,0.0006529333,0.00019064424,0.99473128,0.00086013065
20180109-092212-2.jpg,8,8,0.00055546603,0.0010752995,9.3868508e-05,0.00010923294,0.00025702172,6.5554085e-05,0.00011870633,0.00021801473,0.99750684
20180109-092237-1.jpg,8,8,0.13356385,0.0010986698,0.00010108933,0.0003835748,0.00013634073,0.00022841367,0.00020609985,0.028778288,0.83550367
20180109-092305-2.jpg,8,8,0.0030133594,0.00017931354,5.0344568e-05,0.00013502024,0.0001763714,1.2566493e-05,8.2831622e-05,0.00075443904,0.99559575
20180109-092317-1.jpg,8,8,0.00032084242,2.988106e-05,2.9241852e-05,4.0388561e-05,6.7604985e-05,2.9691264e-05,0.00011119914,0.00026134499,0.99910981
20180109-092341-2.jpg,8,8,0.0031869145,0.0016115498,0.0033433173,0.16927418,0.0032219775,0.0014322247,0.082214179,0.00070710442,0.73500855
20180109-092355-2.jpg,8,8,0.0011168903,0.0047545666,0.00042435232,0.023035348,0.00014908847,0.00088483826,2.2353854e-05,0.00016442289,0.96944814
20180109-092523-2.jpg,8,8,0.048008855,0.0030758329,0.0053212605,0.0093047806,0.007484072,0.0037410879,0.17328948,0.059967185,0.68980744
20180109-094509-2.jpg,8,8,0.022200476,0.00076386568,0.0027501928,0.05125564,0.0011995146,0.0010945808,0.00024706462,0.0026329203,0.91785574
20180109-094515-2.jpg,7,0,0.91688833,0.00051444454,0.00016405583,0.00028161403,0.00075066859,0.0015004994,0.00022205333,0.039381206,0.040297131
20180109-094616-1.jpg,8,8,0.002384682,4.3283996e-05,7.3837956e-05,0.00051959166,2.800388e-05,1.5972543e-05,2.1898424e-05,0.0011011342,0.9958116
20180109-094621-2.jpg,8,8,0.044777843,0.00026517031,0.0012878127,0.003600821,0.0027940557,0.00062600185,0.00023018226,0.0029807772,0.94343734
20180109-094641-1.jpg,8,8,0.017831991,0.00011505473,0.00014327203,0.00016194104,7.3937719e-05,4.302537e-05,7.072109e-05,0.0017628366,0.97979722
20180109-094707-1.jpg,8,8,0.011241189,0.00018307941,0.0001818228,0.032226378,0.00013416877,6.556199e-05,5.775453e-05,0.00045358185,0.95545646
20180109-094738-2.jpg,8,8,0.00016432142,8.7682994e-05,0.00038276649,0.00052667806,0.0005506972,6.2924762e-05,0.00011438062,0.00010868417,0.99800186
20180109-094914-2.jpg,8,8,0.0011103734,0.00014542254,0.00098802464,0.00072489272,0.0053314107,9.7776764e-05,0.0002567477,0.00040048349,0.99094487
20180109-094956-2.jpg,8,8,0.00053294297,0.00021388839,0.00035782532,0.0010073475,0.0012496644,8.8876034e-05,0.00012450925,0.00029117766,0.99613377
20180109-095059-1.jpg,8,8,0.00015475301,0.00010473409,1.3460893e-05,0.00019365152,2.9819278e-05,3.0788655e-05,0.00015360635,0.00055372758,0.99876546
20180109-095059-2.jpg,8,8,0.02268136,0.014708678,0.001391648,0.00040085572,0.0017813121,0.0002847619,0.00014312928,0.020000247,0.93860801
20180109-095124-1.jpg,8,8,0.0015145418,4.8548131e-05,5.0273107e-05,3.8352343e-05,1.9171842e-05,1.2981688e-05,1.4400287e-05,0.0014934044,0.99680833
20180109-095127-2.jpg,8,8,0.00018305194,0.00014963426,0.0011758775,0.00047740089,0.00059927615,2.7389331e-05,0.00015088762,0.00078540511,0.99645108
20180109-095152-2.jpg,8,8,0.00034632668,7.1593542e-05,0.0002310185,0.0002228629,0.00068486226,4.1326711e-06,1.3645629e-05,0.00030064408,0.99812491
20180109-095245-1.jpg,8,8,0.02044055,0.00020345708,0.00032367541,0.0011189606,0.00027056651,1.5943636e-05,0.00010398113,0.00043620289,0.97708666
20180109-095253-1.jpg,8,8,0.0011628139,4.4950449e-05,0.00023250732,8.951229e-05,7.6318384e-05,8.2376025e-06,2.9647145e-05,0.00080869051,0.99754732
20180109-095254-2.jpg,8,8,0.013778123,0.00030272022,0.0010045903,0.0022307572,0.000155767,9.6038762e-05,1.1722793e-05,0.020826651,0.96159363
20180109-095302-2.jpg,8,8,0.016432184,0.00069930758,0.0014348289,0.010106717,0.00015135729,0.00041791831,9.7506633e-06,0.021717802,0.94903013
20180109-095357-1.jpg,8,8,0.0093706987,0.00033099408,0.00012520667,0.0014517832,5.6284278e-05,5.195227e-05,8.6278001e-06,0.0053253683,0.98327908
20180109-095412-2.jpg,8,8,0.0036943311,0.00016645903,0.0030761505,0.0009766496,0.00028567557,4.8375318e-05,8.0231096e-06,0.00033732368,0.99140701
20180109-095445-2.jpg,8,8,0.00017768031,0.00016077596,0.00080505223,0.00097350994,7.1126272e-05,4.6029291e-05,8.5405475e-06,0.00069316073,0.99706412
20180109-095505-2.jpg,8,8,0.00029865871,0.00024172208,6.4395543e-05,0.0026274457,7.2016424e-05,0.00051638404,7.2714834e-05,0.0011101104,0.99499655
20180109-095605-1.jpg,8,8,0.0089761724,7.5345292e-05,0.00013410971,0.004668009,0.00035860857,2.2407806e-05,1.4144354e-05,0.00053377338,0.98521743
20180109-095621-1.jpg,8,8,8.9840477e-05,3.1495727e-05,4.1369094e-05,2.2265305e-05,7.9758832e-05,1.4906719e-05,3.1095757e-05,0.00020080707,0.99948846
20180109-095749-2.jpg,8,8,0.00016834543,0.00071826572,0.00057734977,0.00099565134,0.00047507425,0.033702323,0.00060824475,0.00031153213,0.96244321
20180109-095819-2.jpg,8,8,0.00073686887,0.0016516124,0.00026237701,0.0033380089,0.0021522705,0.00032436339,0.00019376624,0.00023755765,0.99110318
20180109-095820-2.jpg,8,8,0.00069102836,0.00029074611,0.00070967658,0.0032774262,0.03470103,0.00044916979,0.0010686608,0.00039791479,0.95841435
20180109-095830-2.jpg,8,8,0.00052756173,0.00029073973,9.0529803e-05,0.00025971622,6.7195531e-05,0.00035849253,2.28535e-05,0.00092231763,0.99746059
20180109-095906-1.jpg,8,8,0.00036040468,2.5986987e-05,3.8548409e-05,0.00059297214,1.144327e-05,1.4275385e-05,1.8820776e-05,0.00066481501,0.99827273
20180109-095921-2.jpg,8,8,0.0010557293,0.0012671385,0.00042748741,3.1397167e-05,0.00012130745,0.040073703,0.0008187071,0.0038831506,0.95232138
20180109-100000-2.jpg,8,8,0.00012163745,0.001252565,9.3227294e-05,0.00010025396,8.2511182e-05,5.0651041e-05,4.877708e-05,0.00011674889,0.99813363
20180109-100010-2.jpg,8,8,0.00051912493,0.003212147,0.00016115079,0.00049683629,0.00043241067,3.4914687e-05,4.8979724e-05,0.00092006951,0.99417437
20180109-100113-1.jpg,8,8,0.0060176606,7.5293507e-05,3.050126e-05,0.0034818212,0.00011574659,1.2220907e-05,3.3244982e-05,0.00051950601,0.989714
20180109-100225-2.jpg,8,8,0.00036967458,6.8328611e-05,3.8578132e-05,1.0406356e-05,3.0464001e-05,4.2208929e-05,0.00013779898,0.00021912704,0.99908341
20180109-100232-1.jpg,8,8,0.00012082758,4.8763788e-05,2.828063e-05,1.1056019e-05,3.4640212e-05,6.2987275e-06,1.1759595e-05,0.00024230674,0.99949607
20180109-100329-2.jpg,8,8,0.00091319486,0.00042176047,2.6127092e-05,0.00013912235,6.2856441e-05,1.9612944e-05,2.8034483e-05,0.0008429647,0.99754633
20180109-100338-2.jpg,8,8,0.022598367,0.00056799728,0.0026076599,0.0035584768,0.001725304,0.0030989565,8.5747953e-05,0.002566563,0.96319093
20180109-100348-2.jpg,8,8,0.040012654,0.00030005858,0.003518535,0.050206061,0.039491002,0.00079925812,0.00027213843,0.0056358047,0.85976449
20180109-100428-2.jpg,8,8,0.03885656,0.0022419503,0.0011889239,0.0011855895,0.020169363,0.00049528583,0.00021758322,0.023388234,0.91225651
20180109-100526-1.jpg,8,8,0.0016486314,4.6174474e-05,0.00013092274,0.00011264738,3.4653524e-05,1.2716055e-05,5.5835993e-06,0.0029053103,0.99510336
20180109-100555-1.jpg,8,8,6.4799546e-05,4.2897843e-05,1.932903e-05,1.8986203e-05,2.9833931e-05,6.858536e-06,1.9169572e-05,0.00025922069,0.9995389
20180109-100617-1.jpg,8,8,9.0999315e-05,0.0001138569,2.1311268e-05,8.7854651e-05,0.00020370199,2.0430362e-05,8.2932571e-05,0.00020536166,0.99917355
20180109-100740-2.jpg,8,8,0.00023144416,0.003978442,6.7371478e-05,0.00022577676,4.9863951e-05,0.00021335263,0.00027680341,7.0829394e-05,0.99488612
20180109-100752-1.jpg,8,8,0.00045010625,6.257616e-05,2.8094902e-05,2.9017875e-05,1.4970895e-05,2.191951e-05,1.8751115e-05,0.00046494514,0.99890962
20180109-100843-1.jpg,8,8,6.7770384e-05,6.3214334e-05,2.7218219e-05,5.069292e-05,7.9506054e-06,3.3005922e-05,3.3488368e-05,3.7954522e-05,0.9996787
20180109-101007-2.jpg,8,8,0.00012462899,0.00010502944,3.3014656e-05,0.00037265391,1.3937772e-05,2.1840089e-05,7.8923194e-05,3.1048608e-05,0.99921892
20180109-101017-1.jpg,8,8,0.0009327578,0.00034304516,8.5548237e-05,0.00016851361,0.00015941399,0.00015847731,0.014447857,0.00054649098,0.9831579
20180109-101046-2.jpg,8,8,0.00021277606,0.000388762,0.00010381342,0.00011322772,6.2561903e-05,0.0070315657,0.00089757409,0.00010975998,0.99107996
20180109-101049-1.jpg,8,8,0.0036954802,8.6718982e-05,2.0924198e-05,0.00056420913,8.1852101e-05,1.3754578e-05,2.6348753e-05,0.0014289514,0.99408176
20180109-101131-2.jpg,8,8,0.00029575592,7.4614589e-05,4.8937511e-05,5.6774904e-05,4.6204183e-05,0.00038862535,0.0021649364,6.604961e-05,0.9968581
20180109-101155-1.jpg,8,8,0.00033124195,2.6024134e-05,2.849306e-05,0.00042578044,6.5938974e-05,2.4087572e-05,3.8320505e-05,0.00011455247,0.99894556
20180109-101208-2.jpg,8,8,0.00026246887,0.0011288801,7.8646513e-05,7.4377568e-05,0.00029121431,0.00061151114,0.021699288,0.00056795885,0.97528565
20180109-101209-2.jpg,8,8,0.00047007688,6.2633091e-05,2.9492079e-05,7.4834032e-05,3.97526e-05,2.4137993e-05,2.4032565e-05,0.0012866796,0.99798836
20180109-101235-1.jpg,8,8,0.0044812763,3.4947689e-05,2.081023e-05,0.0025877229,0.0001281511,3.1127471e-05,0.00017819854,0.00057586427,0.9919619
20180109-101329-1.jpg,8,8,0.00064787665,6.7508616e-05,8.5040273e-05,2.8019372e-05,1.3850817e-05,3.8630485e-05,8.233871e-05,0.00023351861,0.99880322
20180109-101333-2.jpg,8,8,0.00033126461,9.6759695e-05,5.9148341e-05,8.6239827e-05,4.9812438e-05,0.00023596791,0.00063571117,7.2934857e-05,0.99843216
20180109-101342-2.jpg,8,8,0.00047579108,0.00091983714,0.00023279583,0.00060832516,0.0011797072,0.33893502,0.20596081,0.00028724739,0.45140046
20180109-101522-1.jpg,8,8,0.0018178642,0.00016789517,0.00010113291,7.7401637e-05,2.4946339e-05,1.3372351e-05,5.7969127e-06,0.00069664813,0.99709494
20180109-101525-2.jpg,8,8,0.00011152532,0.00011812483,2.5531005e-05,1.388401e-05,4.4906376e-05,6.4762653e-05,9.2356647e-05,0.0002172637,0.99931165
20180109-101542-2.jpg,8,8,0.0023586606,0.00012738018,0.0034915605,0.0052683408,0.0013918768,0.00041248524,6.7927416e-05,0.00054872832,0.98633304
20180109-101549-1.jpg,8,8,9.8765008e-05,0.00015121977,0.00031644342,0.00023261057,0.00016774598,4.3341198e-05,7.8346896e-05,0.00011284951,0.99879868
20180109-102800-2.jpg,8,8,0.00030205694,0.00028128392,9.3154946e-05,5.4008827e-05,1.3417421e-05,9.135349e-05,4.2251562e-05,0.00076923892,0.99835323
20180109-102825-2.jpg,8,8,0.00026706809,8.8983684e-05,0.00076522552,0.00017409029,0.0001613217,0.00060430238,7.5945664e-05,0.00028795979,0.9975751
20180109-102917-1.jpg,8,8,0.00055150947,0.00011881903,0.00025091213,0.0001127365,0.00058959009,1.439613e-05,1.2200143e-05,0.00031988977,0.99802995
20180109-102924-2.jpg,8,8,7.9698639e-05,8.2035101e-05,0.0001228362,1.2742519e-05,0.00015762657,1.5581947e-05,2.4778274e-05,0.00055474592,0.99894995
20180109-102925-2.jpg,8,8,0.008503563,0.00030618701,0.00063310901,0.006204919,0.018506688,9.2468944e-05,0.00024075117,0.004472428,0.96103989
20180109-102940-2.jpg,8,8,0.0032593261,0.0010136478,0.00017431582,0.00013334122,0.00067001199,6.7052223e-05,3.9303251e-05,0.004004021,0.99063898
20180109-102947-1.jpg,8,8,2.3042913e-05,3.8896232e-05,1.6454942e-05,9.7679518e-06,3.7824828e-05,6.5518449e-06,3.4492455e-05,4.7913999e-05,0.99978505
20180109-103020-2.jpg,8,8,0.018069836,0.00047302055,0.0040227128,0.0088115505,0.11380904,0.0010647694,9.7023072e-05,0.0089122023,0.84473984
20180109-103036-2.jpg,8,8,0.00023286943,0.00026994937,0.00028818676,2.3925121e-05,0.0006238017,1.5873701e-05,4.621025e-05,0.00072895377,0.99777023
20180109-103247-2.jpg,8,8,0.005258495,0.004536255,0.065961226,0.0060502389,0.002253914,0.028107881,7.2114897e-05,0.0019937591,0.88576612
20180109-103257-2.jpg,8,8,0.00055585981,0.0015628266,0.0056952117,0.00056394481,0.010961421,0.00027287121,7.104327e-05,0.00018203782,0.98013478
20180109-103331-2.jpg,8,8,0.0013599593,0.0057177309,0.058572898,0.00082333031,0.065434922,0.0015942266,0.00089496845,0.0071098575,0.85849211
20180109-103333-1.jpg,8,8,0.00013147844,9.8749807e-05,6.2172706e-05,1.1483271e-05,3.7819645e-05,9.0410606e-06,1.5262493e-05,0.00012694583,0.99950705
20180109-103343-1.jpg,8,8,9.7642877e-05,8.0056516e-05,2.3449168e-05,8.861853e-06,3.4253166e-05,2.2512111e-05,4.7888399e-05,0.00018556068,0.99949978
20180109-103404-1.jpg,8,8,0.002681163,0.0044655064,9.4864726e-05,0.002046031,6.5954195e-05,0.00025146997,0.0074999377,0.0019197287,0.98097534
20180109-103416-2.jpg,8,8,0.0011100465,0.019436615,0.36929869,0.00050197322,0.064968091,0.0013836061,0.00075973754,0.0080421281,0.53449912
20180109-103423-1.jpg,8,8,6.3875331e-05,0.00012625755,1.4913524e-05,9.8156436e-06,1.6203258e-05,1.5996822e-05,5.0604461e-05,0.00019584266,0.99950649
20180109-103437-1.jpg,8,8,0.0042933185,0.00029316734,7.3634095e-05,0.00031896628,7.6837607e-05,3.2882244e-05,4.4806979e-05,0.00081586123,0.99405053
20180109-103445-1.jpg,8,8,8.4031119e-05,7.5757635e-05,0.00013494921,2.6217289e-05,0.00019764461,1.4443177e-05,0.00015884221,0.00028320161,0.99902491
20180109-103502-2.jpg,8,8,8.8675593e-05,0.0002189459,0.00026410697,0.00012663604,6.5292041e-05,0.00015507503,1.5238031e-05,0.00011955754,0.99894647
20180109-103511-2.jpg,8,8,0.00048243522,0.00013493593,0.0018879004,0.00014386848,0.00077395491,0.0002013532,4.4619679e-05,0.00032630785,0.99600462
20180109-103524-1.jpg,8,8,0.00029547899,0.00012454019,0.00028911289,5.0396611e-05,0.0028846005,1.8020238e-05,5.0593913e-05,0.00048540589,0.99580185
20180109-103607-2.jpg,8,8,0.001155983,0.001798945,0.012924944,0.0016259012,0.15523867,0.00018290537,0.00053291013,0.0012997778,0.82523996
20180109-103614-2.jpg,8,2,0.11553639,0.0023839685,0.51828264,0.14363778,0.069078669,0.0008947551,0.00043149253,0.027798628,0.12195568
20180109-103722-2.jpg,8,8,7.1116584e-05,0.00012922675,7.0501387e-05,2.6541316e-05,0.00012441468,1.630631e-05,1.1388494e-05,0.00021401422,0.99933649
20180109-103723-1.jpg,8,8,0.0021773608,0.00017006603,0.0017672754,0.00057784908,0.0011992833,2.1118216e-05,3.5976422e-05,0.00071966704,0.9933314
20180109-103734-1.jpg,8,8,0.038543295,0.00049790651,0.001434498,0.0047154318,0.046246764,0.00016314576,0.00017253689,0.01493098,0.89329544
20180109-103853-1.jpg,8,8,0.0003759943,9.6272582e-05,4.2953666e-05,0.00067075674,2.5895512e-05,9.5217585e-06,3.8283876e-05,0.00050444186,0.99823588
20180109-103928-2.jpg,8,8,0.00064671642,8.6560519e-05,0.00029710702,0.00022339534,0.00027202277,2.3788697e-05,9.3793008e-05,0.00069469865,0.99766192
20180109-104116-2.jpg,8,8,0.0025984047,0.00040260534,0.00067095591,0.0031741914,5.3479881e-05,4.6822775e-05,5.7892264e-05,0.0055841109,0.98741154
20180109-104151-2.jpg,8,8,0.0002062533,8.5013873e-05,0.00092605512,0.0012858822,0.00032100581,7.6571282e-05,1.7019934e-05,0.0002855744,0.99679662
20180109-104202-1.jpg,8,8,0.016090357,0.00087059706,0.00024154366,0.0008124299,0.014472485,8.9300502e-05,0.00013160371,0.0067112469,0.96058044
20180109-104228-2.jpg,8,8,0.00076140327,0.0001148405,0.00036343091,5.1590176e-05,0.0002322917,1.7992713e-05,7.7504007e-06,0.00098636496,0.99746434
20180109-104231-1.jpg,8,8,0.00014369804,0.00021936414,1.7471415e-05,6.4713484e-05,0.00010081233,3.1271704e-05,6.7858185e-05,0.00056598324,0.99878883
20180109-104251-1.jpg,8,8,0.00015514004,8.8550715e-05,0.00016969553,2.5622497e-05,4.9435558e-05,2.5816598e-05,9.6441248e-05,0.00016711216,0.99922219
20180109-104318-1.jpg,8,8,0.00012804165,0.00072132299,1.9168567e-05,0.00010542059,5.8553128e-05,2.6348771e-05,4.9628163e-05,0.00050924893,0.99838227
20180109-104342-2.jpg,8,8,0.00010812412,0.00017691285,0.00037008356,0.00012324891,4.0024604e-05,0.00010199588,1.0130015e-05,0.00030294215,0.99876654
20180109-104345-1.jpg,8,8,0.001014665,0.00030358024,6.896424e-05,6.1480416e-05,6.8938522e-05,2.0882937e-05,4.5170314e-05,0.0014276185,0.9969887
20180109-104351-2.jpg,8,8,0.00037259214,9.2698418e-05,0.00011643339,0.0074790704,9.4710472e-05,3.7998558e-05,8.7489724e-06,0.0003539083,0.99144384
20180109-104402-1.jpg,8,8,0.00032275796,0.0013347111,0.00041849497,8.6724162e-05,0.0010076015,5.4961971e-05,0.00014937015,0.0011491475,0.99547623
20180109-104408-2.jpg,8,8,0.00039402894,5.7766239e-05,0.00020948541,0.00012800481,0.00028127005,2.933094e-05,1.5064295e-05,0.00048615745,0.99839889
20180109-104423-1.jpg,8,8,0.0060182882,0.00017141751,0.0049558832,0.0012441216,0.003989015,0.00017545817,0.00019282659,0.0036367411,0.97961625
20180109-104433-1.jpg,8,8,0.015527919,0.00050329602,0.0017489454,0.0029442593,0.004804509,7.675619e-05,0.0001184455,0.0051281842,0.96914769
20180109-104513-2.jpg,8,8,0.00013965638,0.0001287791,0.00021522202,3.1531009e-05,0.00050706695,1.4464536e-05,2.8651529e-05,0.0002462402,0.99868839
20180109-104520-1.jpg,8,8,0.0027233644,0.00012250369,0.0016880184,0.00040180739,0.0022221238,5.5672326e-05,4.2407887e-05,0.0016767574,0.99106734
20180109-104616-2.jpg,8,8,9.3899169e-05,4.8431574e-05,5.7385385e-05,0.00046997266,7.977512e-05,5.1417865e-06,5.6197687e-06,0.0001415552,0.99909822
20180109-104623-2.jpg,8,8,5.976429e-05,7.6545384e-05,6.7221293e-05,1.6049588e-05,3.8977963e-05,1.0564478e-05,2.542576e-05,0.0001410165,0.99956443
20180109-104645-2.jpg,8,8,7.6355869e-05,3.7096149e-05,8.7690846e-05,6.536976e-05,6.5630773e-05,1.0308651e-05,8.2202324e-06,0.00012227281,0.99952705
20180109-104647-1.jpg,8,8,0.0046924506,0.00019904016,0.00026784304,0.0070485193,0.0015665666,7.1787018e-05,1.8861258e-05,0.0016295944,0.98450534
20180109-104802-1.jpg,8,8,0.00052645338,6.0532596e-05,0.00013364411,3.6007196e-05,0.00036305508,8.0117553e-06,1.8227381e-05,0.00040620739,0.99844786
20180109-105126-2.jpg,8,8,0.040161522,0.00036743471,0.0083006584,0.0058955639,0.0011910001,0.00021742518,5.903939e-05,0.0030265248,0.94078083
20180109-105430-1.jpg,8,8,5.4794676e-05,6.8901224e-05,6.2600842e-05,0.00041735064,2.8282523e-05,5.2129146e-05,2.1921074e-05,0.00011162875,0.99918239
20180109-105441-1.jpg,8,8,4.3129016e-05,1.8675055e-05,2.5277511e-05,6.8136726e-05,9.0752536e-06,1.3609255e-05,9.5764751e-06,8.8663138e-05,0.99972386
20180109-105500-1.jpg,8,8,0.001078066,9.3755803e-05,4.0306274e-05,0.0012541771,2.2247398e-05,6.5700141e-05,2.5151214e-05,0.0043524861,0.99306811
20180109-105705-2.jpg,8,8,0.00023850146,5.4461121e-05,0.00010455201,2.8100922e-05,4.5258416e-05,2.7523293e-05,4.2937677e-06,0.00038471443,0.99911259
20180109-105731-2.jpg,8,8,0.00029562402,0.0003694174,0.0016940089,0.0097736927,0.035426886,0.00050791658,0.00092792514,0.0017173923,0.94928714
20180109-105756-2.jpg,8,8,0.00011607151,0.00028001568,0.00055132047,0.0011600014,4.2591427e-05,0.0002264554,1.485102e-05,0.00052917536,0.99707952
20180109-105803-1.jpg,8,8,0.00018363818,3.7863569e-05,1.7621189e-05,0.00073775554,1.5685564e-05,1.1176296e-05,8.4625664e-06,0.00029357842,0.99869422
20180109-105824-1.jpg,8,8,0.00021847073,5.3529499e-05,4.6584796e-05,1.3545839e-05,5.4461397e-05,7.1113868e-06,1.2076375e-05,0.00080761681,0.9987866
20180109-105842-1.jpg,8,8,5.5060683e-05,3.7679885e-05,3.2287331e-05,1.2047472e-05,4.4843201e-05,1.6481725e-05,1.7472495e-05,9.1955437e-05,0.99969217
20180109-105847-2.jpg,8,8,0.0064164991,0.00014821804,0.0008939683,0.0017153554,0.00012712099,0.00013540412,4.3331616e-06,0.0016473692,0.98891173
20180109-110013-2.jpg,8,8,0.00067573524,0.0011517871,0.0023638296,5.4197077e-05,0.0040755263,0.00015846599,0.0002069371,0.0008124114,0.99050111
20180109-110111-2.jpg,8,8,0.0018752415,0.00014994125,0.0079064649,0.00043732025,0.0010906647,5.2709279e-05,1.3109303e-05,0.0024541226,0.98602043
20180109-110120-2.jpg,8,8,0.00031430581,0.00020194268,0.00061434263,0.0002616361,0.00024174291,2.3293079e-05,3.1477121e-05,0.0010058702,0.99730539
20180109-110142-1.jpg,8,8,0.0024887263,0.0002579028,0.00020485652,0.00043621987,0.00024832011,3.2410081e-05,1.3825974e-05,0.0013663904,0.99495135
20180109-110155-1.jpg,8,8,2.1177131e-05,1.7343587e-05,9.5625763e-05,2.1706983e-05,0.00010111298,1.1246294e-05,3.6022737e-05,0.00017408285,0.99952168
20180112-070129-2.jpg,8,8,0.13264111,0.0014884725,0.10570556,0.27883602,0.074540248,0.023920828,0.00055474663,0.094851329,0.28746168
20180112-070149-2.jpg,8,8,0.0023645861,9.861223e-05,2.2396951e-05,0.00035222594,5.297527e-05,1.2278797e-05,2.0397117e-05,0.0046683414,0.99240819
20180112-070302-2.jpg,8,0,0.53237915,0.0058599117,0.0020271079,0.099524917,0.01917074,0.0051355223,0.00085468559,0.15309367,0.1819543
20180112-070412-2.jpg,8,8,0.0012592325,0.00057329755,0.00010096498,0.00024282935,7.558221e-05,7.7009848e-05,1.7413427e-05,0.002844837,0.99480883
20180112-070545-2.jpg,8,8,0.00033926246,0.0011741491,0.00022038855,3.3479761e-05,3.0796964e-05,4.6807821e-05,1.2408726e-05,0.00091508692,0.99722762
20180112-070631-2.jpg,8,8,0.00094628074,0.0001200427,7.1928482e-05,0.0012567281,0.00038588542,2.8053675e-05,1.1938994e-05,0.00022629241,0.99695285
20180112-070658-2.jpg,8,8,0.0023019176,0.00051031361,9.5308585e-05,0.00061710949,9.2978219e-05,2.1728856e-05,1.3724422e-05,0.0014609573,0.99488596
20180112-070742-2.jpg,8,8,0.002194487,0.00027422154,9.5105228e-05,0.00097774139,0.0085915946,0.00071493295,3.9674968e-05,0.00041254946,0.98669969
20180112-070805-2.jpg,8,8,0.0043070503,0.0052480735,0.032090221,0.0035176391,0.046281272,0.02360042,0.0048097463,0.0040702241,0.87607535
20180112-070944-2.jpg,8,8,0.0055682722,0.00026309931,0.007015343,0.014872277,0.026470588,0.00036622661,0.0013878306,0.0027842541,0.94127211
20180112-071008-2.jpg,8,4,7.8792957e-05,6.9110486e-05,0.0023259628,6.9060806e-05,0.94633658,0.0011712311,0.00059464871,0.00038412046,0.048970492
20180112-071307-2.jpg,8,8,0.00094678964,0.00031664907,0.0013194137,0.0016036276,0.0013439735,5.7240253e-05,3.1229237e-05,0.00035008877,0.99403099
20180112-071336-2.jpg,8,8,0.00026480983,0.00028726239,0.0001804692,0.0012852545,0.00086634716,7.7759284e-06,5.7957148e-05,0.00020981259,0.99684031
20180112-071355-2.jpg,8,8,0.00076474877,0.00015327415,0.0026672934,0.00040091857,0.0051839878,0.00014242742,0.00010925084,0.00032389597,0.9902542
20180112-071404-2.jpg,8,8,0.00069465669,0.00062519651,0.00082416055,0.00062547826,0.0011359923,5.7557579e-05,0.00037091736,0.00028342804,0.99538261
20180112-071420-2.jpg,8,8,0.00068032498,0.00039193562,0.0011385579,0.0083658921,0.0040185349,8.9999885e-05,0.00015853037,0.00072692255,0.9844293
20180112-071421-2.jpg,8,8,0.00040333134,0.00018915804,0.00022814663,0.0033386247,0.003496894,5.5098659e-05,0.00053401973,0.00053573941,0.99121899
20180112-071634-2.jpg,8,8,0.0012428825,0.00018567036,0.00016782784,0.0010739546,0.00022053766,5.7118696e-05,0.00028467288,0.0034019002,0.99336544
20180112-071700-2.jpg,8,8,0.00073291635,0.00031605618,0.00016632485,0.00035582857,0.00036823421,9.4275637e-05,0.00010373409,0.00052656707,0.99733606
20180112-071740-1.jpg,8,8,0.0018336658,0.00025947777,0.00074327081,0.0014087112,0.0094782921,0.00068921381,0.001083326,0.0094398612,0.97506418
20180112-071827-2.jpg,8,8,0.0030798445,0.00035701208,0.00059833571,0.00030256898,0.01669037,3.6613115e-05,0.00011086069,0.0024423178,0.97638208
20180112-071846-1.jpg,8,8,0.00024866744,6.7076628e-05,3.097115e-05,0.00013684848,0.00025876589,3.7768574e-05,7.932961e-05,0.00022106227,0.99891951
20180112-071911-2.jpg,8,8,0.0034561074,0.00034568964,0.00014821649,0.00021369112,0.00051216185,5.9612365e-05,2.1051217e-05,0.0029607403,0.99228273
20180112-071913-2.jpg,8,4,0.0043656255,0.00083602727,0.004467739,0.00089421141,0.54131047,0.00061807829,0.0003030835,0.018307683,0.42889708
20180112-071938-1.jpg,8,8,7.4264609e-05,0.00018332703,0.00036207582,3.960861e-05,0.00024885043,4.8920697e-05,0.00011089505,0.00014282724,0.99878923
20180112-071949-1.jpg,8,8,0.0020148699,9.8532013e-05,6.3691488e-05,0.00061835277,9.599557e-05,6.8110186e-05,0.00016163596,0.0013133724,0.99556544
20180112-071959-1.jpg,8,8,0.0002169645,6.6790943e-05,2.4518174e-05,8.0102365e-05,6.674069e-05,3.3167472e-05,3.6669353e-05,0.00048985646,0.99898519
20180112-072021-2.jpg,8,8,0.0052835585,0.0016905358,0.00085634028,0.0085976497,0.0013730598,0.00045920649,0.00014888965,0.0021026454,0.97948811
20180112-072148-2.jpg,8,8,0.0043746231,0.00033489296,0.00024413939,0.002483912,0.0070494504,0.00018227899,0.00013147177,0.00049853618,0.9847007
20180112-072203-1.jpg,8,8,0.012022602,0.001754602,0.00067464235,0.013720795,0.0045990551,0.0011528883,0.011879532,0.015575365,0.93862052
20180112-072238-1.jpg,8,8,0.00064742273,0.00017863069,0.00023871388,2.2765261e-05,0.00024733402,6.6831261e-05,6.3060767e-05,0.00051888705,0.99801635
20180112-072402-1.jpg,8,8,0.00092338535,0.000260883,0.00015798344,5.8807689e-05,2.4583205e-05,0.000151958,5.028325e-05,0.0046657936,0.99370632
20180112-072412-2.jpg,8,7,0.062232972,0.012277313,0.0013059437,0.012310979,0.0014526658,0.004207378,0.0077972891,0.73982555,0.15858991
20180112-072500-1.jpg,8,8,0.036112733,0.00036019861,0.00068720137,0.18378525,0.035659796,0.00035569734,0.00045476986,0.0015234606,0.74106089
20180112-072511-1.jpg,8,8,0.016337816,0.00057634488,0.00046164777,0.0049855256,0.0071496381,0.00020941394,6.4866211e-05,0.0088178422,0.96139691
20180112-072541-2.jpg,8,8,0.017085149,0.00041796367,0.0025328048,0.0060071768,0.0017458014,0.00060229666,0.0008883583,0.0094871909,0.96123326
20180112-072547-1.jpg,8,8,0.0078551565,0.00034135742,0.000147221,0.00049137839,0.00032316942,6.7703936e-05,8.9659584e-05,0.020322033,0.97036232
20180112-072559-2.jpg,8,8,0.033164148,0.0010451318,0.00021130274,0.00035205307,0.00037964152,0.00028330237,0.00012417056,0.06809416,0.89634609
20180112-072608-2.jpg,8,8,0.17758329,0.0016628464,0.0026524432,0.0002539714,0.00033733611,0.0012107866,0.00043874889,0.12420654,0.69165404
20180112-072618-2.jpg,8,8,0.071972157,0.0011059232,0.0041160404,0.00097125054,0.00047084769,0.00040528218,0.00019416134,0.015253513,0.90551082
20180112-072647-2.jpg,8,8,0.044859384,0.00041075751,0.0012439656,0.0046838134,0.00038025944,0.0010097035,2.233857e-05,0.012086446,0.93530333
20180112-072742-1.jpg,8,8,0.00080880848,0.00020678088,2.6717172e-05,0.009298742,0.00011860379,2.5102632e-05,5.1150505e-05,0.008375752,0.98108834
20180112-072806-1.jpg,8,8,0.00055712857,0.00034918015,7.7822559e-05,5.283499e-05,6.6947108e-05,5.5903671e-05,4.1755594e-05,0.00045471835,0.99834371
20180112-072919-1.jpg,8,8,0.0044819312,0.00037413798,9.7592621e-05,0.00024560639,3.0159447e-05,0.00012779496,0.00015137323,0.005552804,0.9889386
20180112-073045-1.jpg,8,8,0.012791327,0.00064798213,6.748748e-05,0.00010704847,0.0011703931,7.4951541e-05,0.00049580531,0.0025914953,0.98205351
20180112-073106-1.jpg,8,8,0.0019947663,0.00024491733,4.0828164e-05,0.00027152534,6.0448595e-05,5.2975065e-05,6.3771534e-05,0.0049715147,0.99229925
20180112-073139-1.jpg,8,8,0.00034614072,0.00025936749,7.0138064e-05,5.7459172e-05,0.00010825421,5.3223644e-05,0.00013598738,0.00047640548,0.99849302
20180112-073147-2.jpg,8,8,0.013520535,0.00037988351,0.0001290709,0.009722194,0.014517315,5.3507183e-05,5.0179548e-05,0.004441886,0.95718543
20180112-073200-1.jpg,8,8,0.0055926449,0.00040973477,0.00025623206,6.6298538e-05,0.00010614188,6.0355384e-05,0.00045184481,0.0033236519,0.9897331
20180112-073212-1.jpg,8,8,0.014877231,0.0010741412,0.00017513676,0.0022268702,0.00040698471,0.00011596285,0.00053150847,0.01208724,0.96850492
20180112-073214-2.jpg,8,8,0.00018070718,4.5014538e-05,3.3288316e-05,0.00019463329,0.00044266025,3.8523028e-05,6.0607768e-05,0.0007873506,0.99821722
20180112-073233-2.jpg,8,8,0.00015831193,5.2609704e-05,4.0523416e-05,4.9001103e-05,0.00047091676,7.6424093e-06,1.2176439e-05,0.00019629375,0.99901252
20180112-073258-1.jpg,8,8,0.00074125524,8.9669478e-05,1.9437076e-05,0.00038105141,2.6071588e-05,4.2557364e-05,4.4503071e-05,0.0019060229,0.99674943
20180112-073312-1.jpg,8,8,0.00091916677,0.00018604231,4.9958293e-05,6.6620042e-05,5.2192393e-05,3.1591472e-05,7.3076562e-06,0.00061169048,0.99807543
20180112-073335-1.jpg,8,8,0.01456865,0.001823645,0.00015207888,0.00063060084,0.00035931499,0.00037859932,0.00028549829,0.056932782,0.92486883
20180112-073426-1.jpg,8,7,0.012331363,0.0096988059,0.00022301021,0.018883183,0.0031764758,0.00015426574,0.00021263353,0.83124293,0.12407734
20180112-073452-2.jpg,8,8,0.0042486022,0.00026434692,0.012742376,0.0004472216,0.0018903051,0.00035709967,2.0100375e-05,0.0005714909,0.97945846
20180112-073501-1.jpg,8,8,0.0015199865,0.00019122324,8.8364725e-05,0.00015348011,5.7215262e-05,5.9295856e-05,0.00012503143,0.0049793422,0.99282606
20180112-073511-2.jpg,8,8,0.0030840453,0.0008541172,0.14525919,0.0040166551,0.00087627779,0.00012291644,2.1192422e-05,0.00099309829,0.84477251
20180112-073607-1.jpg,8,8,0.0022019891,0.0003494967,0.00014057293,0.0012628286,0.00036005055,4.1445512e-05,0.0009529079,0.0019580149,0.99273269
20180112-073712-1.jpg,8,8,0.0026221208,0.00012956782,0.00023992992,0.00025789581,0.00068126639,2.3458321e-05,0.0022872775,0.0017065693,0.99205191
20180112-073746-1.jpg,8,8,0.01029689,0.0054733248,0.0001472815,0.0028169599,0.00061118595,0.00028115248,0.00091786552,0.028425,0.95103034
20180112-073804-1.jpg,8,8,0.0016145789,4.6956601e-05,6.6790653e-05,0.00044802294,0.00023759328,2.7654608e-05,0.00021991661,0.00026863673,0.99706985
20180112-074059-1.jpg,8,8,0.023623593,0.00088653559,0.0005763668,0.0005042756,0.0011132305,0.00036211401,0.00059839634,0.062366568,0.90996892
20180112-074109-1.jpg,8,8,0.0044159225,0.0012790734,0.00011580627,0.00012757349,0.00035892391,0.00023221295,0.00057630655,0.0043131316,0.98858105
20180112-074135-1.jpg,8,8,0.0078877481,0.0011059865,0.00020894415,0.00032166169,0.00010029929,0.0002827877,0.00064360164,0.069412074,0.9200369
20180112-074345-1.jpg,8,8,0.00091716391,9.0233706e-05,3.5686011e-05,0.00024007683,6.6585996e-05,2.2060053e-05,4.2165741e-05,0.0013897168,0.99719631
20180112-074411-1.jpg,8,8,0.0027233812,5.4529407e-05,3.0705996e-05,0.00093562418,8.4248101e-05,3.4657972e-05,1.2092385e-05,0.0013707112,0.99475405
20180112-074444-2.jpg,8,8,0.0072313978,0.00027604668,8.1112515e-05,0.0086231964,0.00016508538,4.3914762e-05,1.9742504e-05,0.0051065516,0.97845295
20180112-074454-2.jpg,8,8,0.29936024,0.00024159215,0.0025988986,0.026382362,0.0079341902,0.0013334316,3.970668e-05,0.023634869,0.63847471
20180112-074508-1.jpg,8,8,0.0010403672,7.216856e-05,6.4349636e-05,0.00026165747,0.00015358177,4.5419273e-05,0.00010445201,0.0016407774,0.99661723
20180112-074519-1.jpg,8,8,0.0075829532,0.00020248439,0.00012369476,0.0030520829,0.0016800199,0.00013815128,0.00033022703,0.0059925028,0.98089788
20180112-074533-1.jpg,8,8,0.0015490499,0.00070682484,8.1121286e-05,0.00062282856,7.0996665e-05,0.00026200453,0.00031800714,0.0054395106,0.99094966
20180112-074615-2.jpg,8,8,0.018901081,0.00039012311,0.00041464071,0.0023382899,0.00011796182,6.4730039e-05,1.7772975e-05,0.013009924,0.96474548
20180112-074759-1.jpg,8,8,0.0046869296,0.00041202496,4.320839e-05,0.00055975495,0.00010772341,9.001214e-05,0.00012116959,0.0058249978,0.98815418
20180112-074810-1.jpg,8,8,0.00089241953,0.00030018387,8.909266e-05,0.00032350629,2.8855483e-05,8.8138531e-05,9.1822634e-06,0.001382777,0.99688584
20180112-074838-2.jpg,8,8,0.020710432,0.00091914705,0.00058385848,0.026390624,0.00042769917,0.00014550006,0.0003314094,0.037142667,0.91334866
20180112-074953-2.jpg,8,8,0.0075400054,0.001883756,0.00044206182,0.0013491801,0.0011383294,0.00073219051,5.1846507e-05,0.031191132,0.9556715
20180112-075002-2.jpg,8,8,0.0045428864,0.00040599736,0.00018263273,0.0010098225,0.00013875204,0.00017986194,6.5368669e-05,0.010169032,0.98330565
20180112-075118-2.jpg,8,8,0.088854334,0.0010585444,0.0024285491,0.002781732,0.013387889,0.00014121743,0.00029237997,0.018351936,0.87270342
20180112-075148-2.jpg,8,8,0.00098331739,0.00011784767,0.00025383271,0.00031476664,0.00014296618,6.9878907e-05,4.2823298e-05,0.0012888265,0.99678574
20180112-075315-2.jpg,8,8,0.0063964558,0.0020395706,0.0058041634,0.020670648,0.0020368232,0.0016815371,0.0026084059,0.088088765,0.87067363
20180112-075443-2.jpg,8,8,0.0050187485,8.1611239e-05,0.00018310262,0.00070924239,0.0041495069,4.5419382e-05,3.9955132e-05,0.0019732915,0.98779912
20180112-075634-2.jpg,8,8,0.0045322624,0.00033840704,0.00078635585,0.0014041694,0.001399374,0.00013605596,2.188558e-05,0.0024975298,0.98888396
20180112-080040-2.jpg,8,8,0.0049005762,0.00025799823,7.6156958e-05,0.00019744016,7.1502816e-05,3.2071694e-05,2.6790154e-05,0.023517248,0.97092022
20180112-080109-2.jpg,8,8,0.088413539,0.00092155408,0.00032192914,0.073596113,0.0006044319,9.435293e-05,0.00035974027,0.017025475,0.81866286
20180112-080326-1.jpg,8,8,0.012452505,0.00075929314,0.0067234254,0.26619635,0.0072258981,0.0038684143,0.0029216657,0.082214532,0.61763791
20180112-080408-1.jpg,8,8,0.010182709,0.0012535815,0.00027536046,0.00075102584,0.0023342283,0.0004911382,0.00017205698,0.078492027,0.90604787
20180112-080527-1.jpg,8,8,0.0050108171,0.022564015,0.0010974937,0.00015989186,0.0050345112,0.016664757,0.087491528,0.011631413,0.85034557
20180112-080550-1.jpg,8,8,0.0045478248,0.0026685907,0.00031178547,0.00036255566,0.0002925959,0.00094137597,0.00028463246,0.016069072,0.97452157
20180112-080638-1.jpg,8,7,0.074939047,0.024606727,0.0022599059,0.0038394423,0.00087741647,0.0038671398,0.0031676391,0.49993262,0.38651006
20180112-080709-2.jpg,8,8,0.0020144084,0.00074950953,0.00065873245,0.00030007049,6.2417532e-05,2.9895416e-05,5.2595532e-06,0.00079905198,0.99538065
20180112-080711-2.jpg,8,8,0.028091427,0.00058198733,0.00030292809,0.00028785309,0.00010434312,8.5924131e-05,9.5713328e-06,0.0047590991,0.96577687
20180112-080753-1.jpg,8,8,0.0006911469,0.00011336636,4.7395014e-05,0.00022786462,0.00045405217,5.94472e-05,0.00031401055,0.0018398983,0.99625282
20180112-080802-1.jpg,8,8,0.0018391589,0.00039899853,0.00033953019,0.00026163907,0.00016561437,0.00034023275,0.0007224134,0.002790979,0.99314143
20180112-080853-2.jpg,8,8,0.00047369064,0.00013897053,0.00014824678,0.00037533057,6.2439787e-05,2.0344317e-05,7.1599063e-06,0.00034140864,0.99843241
20180112-080901-1.jpg,8,8,0.0070293405,0.00070276523,0.00018827926,0.0004617176,9.0539534e-05,0.0002370457,0.00021016351,0.024552647,0.9665275
20180112-080913-1.jpg,8,8,0.0036181712,0.00011200825,4.0995028e-05,0.00015972426,0.00043034393,1.4543316e-05,2.2433795e-05,0.0020881524,0.99351363
20180112-080923-1.jpg,8,8,0.0072930239,0.00014894733,6.321358e-05,0.0019349728,7.9737187e-05,2.0825039e-05,2.4141328e-05,0.0048453829,0.98558976
20180112-081013-1.jpg,8,8,0.00061576033,6.723345e-05,3.1439715e-05,4.9764651e-05,1.9269478e-05,1.4859533e-05,1.1602206e-05,0.00066620056,0.99852387
20180112-081035-1.jpg,8,8,0.0026351763,0.00011459367,9.4827909e-05,0.0005561729,0.00012607215,3.6142274e-05,2.4197862e-05,0.00065472147,0.9957581
20180112-081040-2.jpg,8,8,0.00091182839,0.00055473744,0.00012394344,8.1107744e-05,0.00020495555,3.0501663e-05,1.6197332e-05,0.0015969407,0.99647979
20180112-081052-2.jpg,8,8,0.00043389289,0.0002053519,8.1493633e-05,7.7827495e-05,0.00024025339,1.3362015e-05,1.3158097e-05,0.0010226141,0.99791205
20180112-081057-1.jpg,8,8,0.00024076325,0.00028633727,6.7705809e-05,2.8859927e-05,1.6340825e-05,1.3065189e-05,8.5836912e-06,0.00033509047,0.99900325
20180112-081104-2.jpg,8,8,0.00030206683,0.00033601114,6.0542854e-05,0.00019878349,7.7787973e-05,1.8542173e-05,1.1789032e-05,0.00033800948,0.99865647
20180112-081113-2.jpg,8,8,0.00084680283,0.00032835105,0.00046404871,0.00017297249,0.0011379366,3.2309933e-05,1.4847245e-05,0.00066390408,0.99633883
20180112-081125-2.jpg,8,8,0.0009984941,0.00021767076,0.00027518522,0.00041995917,0.00057075274,2.1704644e-05,9.7457442e-06,0.00077453783,0.99671195
20180112-081158-2.jpg,8,8,0.00066939414,6.6879396e-05,0.00021714635,1.6174323e-05,0.00073798227,1.8091102e-05,1.3206826e-05,0.00052453398,0.99773659
20180112-081306-1.jpg,8,8,0.00046714212,0.0001034849,5.1555291e-05,1.4904667e-05,1.808651e-05,8.8419405e-06,5.5344209e-06,0.0005187945,0.99881166
20180112-081330-1.jpg,8,8,0.00080490935,0.00066628429,0.00015395892,8.1747525e-05,0.00016662135,6.1962343e-05,3.2669824e-05,0.0002376088,0.99779424
20180112-081347-2.jpg,8,8,0.00083746059,0.00031408134,0.00010811651,0.00056594409,0.00011987748,3.3932321e-05,6.0988055e-05,0.0041327009,0.9938269
20180112-081429-1.jpg,8,8,0.00093627964,0.00016380747,0.00013420792,0.00015962438,5.8146102e-05,8.6854848e-05,2.8750762e-05,0.00024399701,0.99818833
20180112-081438-2.jpg,8,8,0.00048527962,0.00013335714,0.00031159381,0.00028824683,4.0994057e-05,5.3100678e-05,9.667381e-06,0.0012468183,0.99743094
20180112-081439-1.jpg,8,8,0.003046925,4.6616332e-05,0.00019867701,0.00013494561,0.00026272101,2.3227115e-05,1.8406743e-05,0.0013603661,0.99490812
20180112-081509-1.jpg,8,8,0.0016525743,0.00010714936,5.5630274e-05,0.00019617448,3.5724323e-05,5.6629657e-05,1.5116085e-05,0.0025971605,0.99528384
20180112-081557-2.jpg,8,8,0.012647915,0.0014110659,0.00033541981,0.00080739885,0.00017297666,6.4619241e-05,7.9866452e-06,0.0046991302,0.97985349
20180112-081605-1.jpg,8,8,0.00025426568,8.0335857e-05,2.5374452e-05,3.8177181e-05,5.134325e-05,6.0429947e-06,9.5566529e-06,0.0010612684,0.99847364
20180112-081607-2.jpg,8,8,0.026742443,0.001449969,8.5281982e-05,0.006596737,0.00019603459,6.8338797e-05,9.2446529e-05,0.042441955,0.92232679
20180112-081641-1.jpg,8,8,0.00060301152,0.00019873011,4.0245343e-05,0.00032031654,3.2237072e-05,3.9099688e-05,1.55535e-05,0.0012271237,0.99752368
20180112-081813-1.jpg,8,8,0.0005631025,0.00015681292,9.5152256e-05,0.00014107729,6.766254e-05,4.0621179e-05,9.119653e-05,0.0058633511,0.99298102
20180112-081826-1.jpg,8,8,0.00041343866,0.00031740055,6.2860326e-05,0.0019618143,2.9096944e-05,0.00020796445,5.8144842e-05,0.00503889,0.99191039
20180112-081919-2.jpg,8,8,0.0010113769,0.00085597677,0.0010679467,9.2585025e-05,0.00030600385,4.7794102e-05,3.9581859e-05,0.00024531468,0.99633342
20180112-081931-1.jpg,8,8,0.00017995723,0.0021349931,0.0014038571,3.2670473e-05,3.2440688e-05,6.0547079e-05,0.00016830597,0.00079373418,0.99519349
20180112-081952-1.jpg,8,8,0.0022993652,0.00052610983,5.4767442e-05,0.00052304195,3.3495012e-05,7.5094011e-05,0.00012929014,0.042777808,0.95358103
20180112-082015-1.jpg,8,8,0.017601164,0.00040949801,0.0001224506,0.00051384173,0.0022428846,5.8967786e-05,0.00085584801,0.014441073,0.96375427
20180112-082059-2.jpg,8,8,0.00043922659,0.00016189842,0.0039385806,0.00024573063,0.0054958471,4.10959e-05,0.0001620034,0.00061700915,0.98889861
20180112-082107-1.jpg,8,8,0.012153258,0.00037346711,0.0001008049,0.0025558788,0.00077415644,0.00020018056,0.00016325745,0.00095747519,0.98272152
20180112-082127-2.jpg,8,8,0.08932113,0.0012197033,0.0015648732,0.00021640843,0.0027504989,0.00013864666,0.00011364284,0.0042612807,0.90041382
20180112-082327-1.jpg,8,8,0.013571731,0.0014893941,0.00011134298,0.00083690437,0.00011325162,0.00050782953,0.00012778624,0.12748271,0.85575905
20180112-082405-1.jpg,8,8,0.0084924655,0.0005308635,0.00010049634,0.00030178124,4.7700733e-05,0.00017792397,0.00012277523,0.01233971,0.97788628
20180112-082611-1.jpg,8,8,0.0098206744,0.00036120185,9.3548481e-05,0.00060398275,0.00019987792,5.7014977e-05,0.0019677083,0.043380047,0.94351594
20180112-082739-1.jpg,8,8,0.0017217755,0.00018335353,7.6689631e-05,0.00040496634,1.9889954e-05,4.9751415e-05,1.7680617e-05,0.001591254,0.99593464
20180112-082823-1.jpg,8,8,0.0013585467,0.00010851274,3.5233728e-05,0.00087486617,1.5940861e-05,4.7596224e-05,2.2122892e-05,0.0019733444,0.99556384
20180112-082951-1.jpg,8,8,0.00060846247,0.00010932375,1.7560043e-05,0.0001695291,1.5557882e-05,2.1014122e-05,1.2828136e-05,0.0015353722,0.99751035
20180112-083015-1.jpg,8,8,0.0054562816,0.00020660211,5.8520596e-05,0.00069234053,2.4558013e-05,7.4505738e-05,1.4773988e-05,0.0084264888,0.98504593
20180112-083043-1.jpg,8,8,0.00088337809,0.00038489345,0.00014915766,0.00062634647,2.6859656e-05,0.00014902197,4.1351779e-05,0.0017516762,0.99598731
20180112-083153-1.jpg,8,8,0.00077792138,5.7980642e-05,5.050211e-05,0.00011949328,1.5703662e-05,1.5749073e-05,4.3356511e-05,0.00097040492,0.99794889
20180112-083203-1.jpg,8,8,0.0017977351,0.00010024768,5.8023236e-05,0.0011289594,5.7119502e-05,5.7978283e-05,1.3713629e-05,0.00037361707,0.99641261
20180112-083213-1.jpg,8,8,0.0060294807,0.00034414935,8.9655084e-05,0.00047883228,0.00014523227,3.5220136e-05,9.0682638e-05,0.033458145,0.9593286
20180112-083317-1.jpg,8,8,0.0023614698,0.00024425718,0.0013210518,0.00023515783,0.00057358302,8.8314166e-05,0.00030862033,0.00033300609,0.99453454
20180112-083452-1.jpg,8,8,0.0012998718,0.00010399068,9.5185787e-05,0.0081579403,8.2211383e-05,9.9861871e-06,3.2475447e-05,0.00029616111,0.98992218
20180112-083613-1.jpg,8,8,0.023880451,0.0033286912,0.00033845507,0.02347182,8.1461367e-05,0.00045842187,0.00020691016,0.06198559,0.8862482
20180112-083633-1.jpg,8,8,0.022020288,0.0015115262,0.00019357345,0.0019710732,7.1430673e-05,0.00028661017,0.00011015318,0.061731351,0.91210399
20180112-083728-1.jpg,8,8,0.0076256123,0.0005142186,8.051106e-05,0.0029119019,2.2433487e-05,4.6624741e-05,3.1064456e-05,0.014364826,0.97440281
20180112-091133-2.jpg,8,8,0.0010614572,0.00028398922,0.00014055069,0.00024896378,5.7814418e-05,6.9451739e-05,2.1808329e-05,0.001900096,0.99621587
20180112-091209-2.jpg,8,8,0.0083787384,0.00027074439,0.00020636988,0.00014387766,0.00010397214,5.5871533e-05,2.7787855e-05,0.0016667463,0.98914589
20180112-091235-2.jpg,8,8,0.00068219025,0.00024974724,0.00031156739,0.0017838725,0.00011058028,3.8456072e-05,3.2498963e-05,0.0011347944,0.99565629
20180112-091449-2.jpg,8,8,0.0014410309,0.00037357767,0.0007139413,0.0024598443,0.0003075499,3.1675283e-05,2.3758238e-05,0.00037973357,0.99426889
20180112-091516-2.jpg,8,8,0.0050972204,6.9796366e-05,0.00012474829,0.0039525937,0.001176655,3.020406e-05,2.5753185e-05,0.0006468077,0.98887622
20180112-091602-1.jpg,8,8,0.012682193,0.0017452736,0.00011487097,0.0010919607,0.057501652,9.6748099e-05,0.00033855542,0.0014729836,0.92495576
20180112-091651-1.jpg,8,8,0.016397939,0.0016013121,0.00065714215,6.9371593e-05,0.00041620079,0.0042784142,0.0009285233,0.15434129,0.82130981
20180112-091719-2.jpg,8,8,0.0029010141,5.1056578e-05,0.00057165579,8.1283343e-05,0.0001052024,6.250169e-05,2.538286e-05,0.00022035322,0.99598155
20180112-091744-1.jpg,8,8,0.017497489,0.0030687106,0.00011696227,0.0054430675,0.00052224308,2.74032e-05,0.00062612329,0.014508741,0.95818926
20180112-091750-2.jpg,8,8,0.00040324688,0.00012763599,0.00055402151,8.7445036e-05,1.9363013e-05,7.73519e-05,6.5189875e-05,0.00037405574,0.99829169
20180112-091927-2.jpg,8,8,0.010735932,0.00037376981,0.00031600323,0.0030548584,0.00022400522,0.00028763349,1.2685039e-05,0.030271448,0.95472366
20180112-092142-2.jpg,8,8,0.056669555,0.00024267662,0.00026445574,8.7908773e-05,0.0026003299,0.00025781165,4.1582936e-05,0.00066008137,0.9391756
20180112-092143-1.jpg,8,8,0.04557858,8.2663683e-05,0.00068437006,9.3829909e-05,0.0047425664,0.00012329574,6.2442226e-05,0.0012075002,0.94742475
20180112-092211-2.jpg,8,8,0.0027633112,0.00073711197,0.0007509582,0.00039607219,0.00054619394,2.0147136e-05,1.0755346e-05,0.055561218,0.93921423
20180112-092320-1.jpg,8,8,0.0085908818,0.00015801393,5.3367956e-05,0.00020091783,0.00010742179,2.087425e-05,2.4975504e-05,0.0034736805,0.98736987
20180112-092429-2.jpg,8,8,0.0069309295,8.42009e-05,0.00020876149,0.00016481067,6.2386733e-05,9.6696356e-05,4.1459571e-05,0.0017497315,0.99066102
20180112-092459-2.jpg,8,8,0.0070339491,5.7545836e-05,0.002127504,4.8316211e-05,0.00034909693,0.00024238102,3.6132218e-05,0.00050529789,0.98959978
20180112-092613-2.jpg,8,8,0.0040794865,0.00016411956,0.0010480553,0.00047919376,0.00018201086,4.0703659e-05,9.0861068e-06,0.00074696718,0.99325038
20180112-092647-1.jpg,8,8,0.0037531844,0.00045945969,0.00015889697,0.00020037477,3.4385133e-05,1.6557983e-05,9.1610553e-06,0.0016535777,0.9937144
20180112-092705-2.jpg,8,8,0.0022880137,0.00030088454,0.00051343638,0.004753183,3.5129438e-05,8.2771823e-05,4.2715312e-05,0.010779126,0.98120474
20180112-092803-1.jpg,8,8,0.0017454423,0.00013483134,8.4478085e-05,1.1497394e-05,4.9798468e-05,3.8768659e-05,3.8589454e-05,0.0031232344,0.99477336
20180112-092854-1.jpg,8,8,0.0003374205,9.3234473e-05,2.5284248e-05,1.5335803e-05,6.0415767e-05,4.6338012e-05,1.33672e-05,0.00068906074,0.99871954
20180112-092918-2.jpg,8,8,0.00036449542,7.0780482e-05,0.00013321998,0.00014532951,3.2241106e-05,3.5205512e-05,4.2628377e-05,0.002393782,0.99678232
20180112-093034-1.jpg,8,8,0.000776228,0.0001759265,1.3748508e-05,0.00018540672,0.00020032791,4.446839e-06,5.7173908e-05,0.00023599517,0.99835075
20180112-093043-2.jpg,8,8,0.00081714132,9.0280117e-05,9.4502671e-05,0.0012153355,2.310749e-05,4.1782601e-05,7.5161459e-06,0.0048519855,0.99285835
20180112-093133-1.jpg,8,8,0.00068439921,6.9794815e-05,9.3328534e-06,9.7953119e-05,4.6997142e-05,2.9381391e-06,9.8346764e-06,0.00012441347,0.99895434
20180112-093157-1.jpg,8,8,0.00083493393,0.00014864468,7.6639659e-05,2.8758562e-05,5.1983948e-05,1.0319586e-05,0.00011655234,0.00032049965,0.99841167
20180112-093223-1.jpg,8,8,0.0035583676,0.00016527017,0.00035325087,0.0001791802,0.00015359125,3.8788462e-05,1.6308991e-05,0.0024264266,0.99310882
20180112-093228-2.jpg,8,8,0.030182846,0.00024288253,0.00034767275,0.00023999712,0.00036035783,0.0001175423,6.9149357e-05,0.0039049794,0.96453457
20180112-093241-2.jpg,8,8,0.013456194,0.00025757436,0.00059370349,0.0046932367,0.00020484349,0.00017345011,0.00021778543,0.0015193161,0.9788839
20180112-093250-2.jpg,8,8,0.074933962,0.0020534801,0.00010821094,0.0042680491,0.00056711276,0.00021035483,0.00026959946,0.039620104,0.87796913
20180112-093306-1.jpg,8,8,0.0011546366,0.00011581669,0.0001299654,4.3961995e-05,1.0802975e-05,1.6678271e-05,6.6700043e-06,0.00069098786,0.99783048
20180112-093313-2.jpg,8,8,0.0080876132,0.00043780071,0.00015221908,0.00040967515,4.5640836e-05,0.00010491293,1.4531459e-05,0.0029762344,0.98777137
20180112-093511-1.jpg,8,8,0.00071439166,8.8128432e-05,0.00014466217,0.00026826133,2.3878495e-05,2.8143906e-05,6.9011049e-06,0.00088584562,0.99783979
20180112-093521-1.jpg,8,8,0.0010225617,0.0001757214,2.9979884e-05,0.00024384742,0.00018416123,7.7019792e-06,1.398644e-05,0.00012999606,0.99819204
20180112-093532-1.jpg,8,8,0.0038271771,0.00084956087,1.6385154e-05,0.00085833177,9.1745994e-05,1.8466069e-05,0.00049425973,0.0026418733,0.9912022
20180112-093539-2.jpg,8,8,9.3098929e-05,0.00012458607,0.00025954725,0.00026656755,3.3737776e-05,0.00039531455,2.8420787e-05,0.00015736636,0.99864136
20180112-093646-1.jpg,8,8,0.00035000329,2.7824015e-05,0.00012140561,3.3395432e-05,2.6198479e-05,5.080227e-05,6.1961299e-05,0.00036546349,0.99896295
20180112-093704-2.jpg,8,8,8.4727867e-05,0.00013156816,0.00061010614,0.0018655161,8.4825004e-05,0.00010872838,0.00040969639,0.0024611587,0.99424367
20180112-093710-1.jpg,8,8,7.6701678e-05,0.00010235307,4.1553018e-05,2.6448862e-05,2.5533498e-05,1.7495686e-05,0.00017790585,7.4256983e-05,0.99945775
20180112-093754-1.jpg,8,8,0.0078356896,8.6329923e-05,2.7513668e-05,0.001301587,7.2141754e-05,2.2809554e-05,0.00015897253,0.00037107621,0.99012388
20180112-093823-2.jpg,8,8,0.00091382256,0.00067896552,0.00025992292,0.0015721083,0.00014014324,0.00026537077,0.00025953136,8.1431694e-05,0.9958287
20180112-093841-2.jpg,8,8,0.0021491432,0.00065182227,0.00014729101,0.0023118461,6.1691577e-05,9.4174968e-05,8.0077623e-05,0.00022276767,0.99428119
20180112-093856-2.jpg,8,8,0.011892371,0.00058206287,0.00013812605,0.001760129,0.0024020569,8.0361608e-05,0.01051811,0.00025992604,0.97236686
20180112-094012-1.jpg,8,8,0.00011181575,9.095984e-05,0.00022820917,6.665779e-05,1.9677372e-05,0.00016592269,0.00043794068,0.0004688877,0.99840993
20180112-094022-1.jpg,8,8,0.0024022004,5.9359654e-05,7.0357833e-05,0.00046013893,0.00044517671,0.00022553152,0.0010614092,0.0012484932,0.99402733
20180112-094122-2.jpg,8,8,0.00032060198,3.342583e-05,6.1250956e-05,0.00052596083,1.7738388e-05,2.5545073e-05,6.8125505e-05,9.8002872e-05,0.99884935
20180112-094123-2.jpg,8,8,0.01029611,2.063431e-05,0.0026942495,0.0013482792,0.01403578,0.00015168974,0.00014549491,0.00013749595,0.97117027
20180112-094240-2.jpg,8,8,0.011376512,0.00059120438,0.00099563597,0.086120088,0.016056815,0.00034110781,0.0021051903,0.005050357,0.87736309
20180112-094259-2.jpg,8,8,0.0022440442,0.0014794621,0.00028753736,0.15971682,0.010873135,1.9152329e-05,0.00069321333,0.00056472782,0.82412191
20180112-094316-1.jpg,8,8,0.00281018,0.00017677344,0.00021066121,0.00054039357,0.00010133073,0.00015546792,5.9529991e-05,0.0035310532,0.99241461
20180112-094430-1.jpg,8,8,0.00030053516,3.2853636e-05,5.7472772e-05,1.7503006e-05,1.5134085e-05,3.2590699e-05,4.7758778e-05,0.00042803536,0.99906812
20180112-094441-2.jpg,8,8,0.015352519,0.0018892393,0.00067463421,0.0039219645,0.00090535734,4.5725553e-05,0.00034329376,0.057831214,0.91903605
20180112-094522-2.jpg,8,8,0.0084184604,0.0084242366,0.00033740774,0.011880459,0.0022060446,0.00016296163,0.00048240599,0.00020454794,0.96788348
20180112-094541-1.jpg,8,8,0.0041474318,0.00039641021,0.00030511734,3.7158303e-05,0.00024500611,0.00049345868,0.010535812,0.00033611545,0.98350349
20180112-094652-2.jpg,8,8,0.00087230457,0.00012996188,0.00012540061,0.0036118403,0.00047717861,1.4723808e-05,4.8689466e-05,7.115508e-05,0.99464875
20180112-094802-1.jpg,8,8,0.00010761673,5.0774275e-05,2.3456494e-05,9.1344554e-06,1.6836919e-05,9.5919867e-06,3.5840744e-05,0.00031881603,0.99942793
20180112-094830-2.jpg,8,8,0.0025087792,0.00057598083,0.00039874496,0.0011972621,0.00011880642,0.00016558618,0.0002249934,0.003007191,0.99180266
20180112-094910-2.jpg,8,8,0.0029817282,2.9641907e-05,0.0017343307,0.00098433769,0.00021231225,0.00013947526,7.8305469e-05,0.00037364661,0.99346622
20180112-095026-2.jpg,8,8,0.040741171,9.0397017e-05,0.00088156585,0.00030904454,0.00066568094,0.00035885247,3.8909097e-05,0.001450407,0.95546397
20180112-095053-2.jpg,8,8,0.00015977984,9.2786846e-05,0.0002027298,0.0001467646,3.4228153e-05,0.00010189705,3.2233837e-05,0.00063175214,0.99859783
20180112-100544-1.jpg,8,8,0.023122036,0.00013951252,4.2441023e-05,0.012439645,0.00028558556,0.00013933384,9.6520987e-05,0.00017159832,0.96356333
20180112-100555-2.jpg,8,8,0.0052726702,0.00036175482,3.2389342e-05,0.00014136617,0.00023861647,2.7135472e-05,2.5068985e-05,0.0067896167,0.98711138
20180112-100603-2.jpg,8,8,0.0027194202,0.00037113781,0.00015208174,5.4866508e-05,0.00014342153,0.00017641765,7.0095093e-05,0.0093474122,0.98696515
20180112-100624-1.jpg,8,8,0.00016690703,4.3370424e-05,6.7377493e-05,5.9172979e-05,1.5441554e-05,1.985203e-05,9.6410534e-06,0.00054363266,0.9990746
20180112-100649-2.jpg,8,8,0.0019205981,0.00012676417,0.00015755171,0.0012359087,0.00012207777,0.00097918998,0.00035125965,0.00073470383,0.99437195
20180112-100745-2.jpg,8,8,0.0011023793,0.00014288322,0.0004773045,7.3980089e-05,0.00022155479,0.00011455204,0.00011191065,0.00024383488,0.9975116
20180112-100850-2.jpg,8,8,0.0010145171,0.00012027918,0.0012289277,0.001628738,0.002037276,0.0057296023,0.098239172,0.00023541006,0.88976608
20180112-100938-1.jpg,8,8,0.0002309699,4.0396482e-05,3.9480641e-05,1.5945099e-05,4.9101518e-05,0.00018348284,0.002775157,8.8052153e-05,0.99657741
20180112-100939-2.jpg,8,8,0.00040235798,6.3945845e-05,0.00014731051,0.00021977247,0.0001388647,0.00013698121,2.4634354e-05,0.00078644248,0.99807969
20180112-100952-2.jpg,8,8,0.0017933829,3.80662e-05,0.00023139543,0.00041545471,5.2772461e-05,8.4941859e-05,8.8314851e-05,0.0005218166,0.99677385
20180112-101035-2.jpg,8,8,0.00071741681,0.00037134829,0.00022109237,0.00018235556,0.00017925958,0.00045859952,0.0022754841,0.0017934244,0.99380102
20180112-101223-2.jpg,8,8,0.0077955575,0.00037729626,0.0020488366,0.0036732159,0.0005284409,0.00011448677,0.00015561796,0.0044354103,0.98087114
20180112-101305-2.jpg,8,8,0.0071920735,0.00064015912,0.00046223895,0.0012385374,0.00050365629,0.00054464607,0.0051368647,0.0066495517,0.97763227
20180112-101316-2.jpg,8,8,0.00079168921,7.8832101e-05,0.00016420372,0.00044990508,9.1240042e-05,8.9460668e-05,5.5868417e-05,0.00092415721,0.99735464
20180112-101322-1.jpg,8,8,0.00362537,0.00025014493,0.0075173723,0.001202648,0.0092939074,0.00046604136,0.00060747649,0.0013962581,0.97564078
20180112-101334-1.jpg,8,8,0.025494096,0.00024877009,0.0035831288,0.00089591792,0.0028443204,0.00013989095,0.00014792901,0.011493291,0.95515265
20180112-101411-1.jpg,8,8,0.0010450595,0.00023322579,0.00010409309,0.00024576476,0.0001356006,0.0034656849,0.00042751377,0.0007399073,0.99360315
20180112-101437-1.jpg,8,8,0.04070579,0.00019137271,0.00010294645,0.00044796926,0.0038499893,0.0017336478,0.002863521,0.0025296797,0.94757508
20180112-101525-2.jpg,8,8,6.2670959e-05,0.00018939655,0.00015838105,9.1118741e-05,5.077111e-05,1.6295239e-05,2.7528059e-05,0.00057305647,0.99883078
20180112-101551-1.jpg,8,8,0.00030487251,5.8797723e-05,3.981128e-05,6.0582473e-05,1.7083985e-05,3.006184e-05,4.6124572e-05,0.00015951386,0.99928315
20180112-101632-1.jpg,8,8,0.0027784873,0.00026703007,0.00095757741,0.0027058865,0.00066435605,0.01298872,0.00085976347,0.036969621,0.94180856
20180112-101636-2.jpg,8,8,0.00016598831,0.00010614176,0.00010731968,4.5063909e-05,1.1163086e-05,1.7027903e-05,1.1975645e-05,0.00019974566,0.99933557
20180112-101736-1.jpg,8,8,0.00070838556,0.00028890391,0.00025732638,0.0047089323,8.0141479e-05,0.00063333767,0.00013983236,0.0037972444,0.9893859
20180112-101743-2.jpg,8,8,0.00011748689,6.3867837e-05,0.00012377668,6.7046973e-05,2.5692743e-05,2.6799429e-05,2.4032217e-05,0.00069580243,0.99885549
20180112-101842-1.jpg,8,8,0.001306199,7.3927583e-05,2.7200982e-05,0.00065118197,3.5721944e-05,5.0519225e-05,0.00014135094,0.00055061494,0.99716328
20180112-102236-1.jpg,8,8,6.3402325e-05,3.6426556e-05,0.00024303173,0.00018498999,0.00023454544,5.6677905e-05,5.3364637e-05,0.00035060356,0.99877696
20180112-102258-2.jpg,8,8,0.00028237926,0.00014151274,0.00034273588,0.00064535709,0.00031414121,0.00021002558,0.00018539693,0.00011917503,0.99775928
20180112-102259-2.jpg,8,8,0.00016791694,0.00010936272,0.0002588233,0.00052872363,0.00024341562,0.00017521917,0.00017462481,0.00010867051,0.99823324
20180112-102338-1.jpg,8,8,7.7440767e-05,9.6405509e-05,2.1575362e-05,6.0612922e-06,6.006078e-05,3.6084157e-05,0.00035761697,0.00010030328,0.99924445
20180112-102419-2.jpg,8,8,0.0021329774,0.00016384674,0.0005804958,0.00032387389,0.001502814,0.00057619197,0.00055991829,0.00028701409,0.99387287
20180112-102500-2.jpg,8,8,0.0043089461,0.00021220586,0.00017950383,0.0001810741,8.4263764e-05,4.8772312e-05,0.0001044827,0.00029440703,0.99458634
20180112-102519-1.jpg,8,8,0.00044888431,3.0100376e-05,6.0308477e-05,9.7334288e-05,0.0001451885,2.0444855e-05,0.00012542471,7.7272801e-05,0.99899504
20180112-102540-1.jpg,8,8,0.0019535415,7.8550698e-05,1.8102833e-05,1.5347262e-05,0.00021798868,0.00018077794,0.0025165548,0.0011221255,0.99389701
20180112-102723-2.jpg,8,8,0.00019642846,0.0002168231,0.00021423401,2.3214081e-05,5.9040854e-06,3.7550419e-05,1.6271498e-05,0.00022458205,0.99906499
20180112-102828-2.jpg,8,8,0.0039080646,0.00038759257,0.00028128735,0.00030792755,0.00035503903,0.00098638014,0.0035938851,0.00065657806,0.98952325
20180112-102908-2.jpg,8,8,0.0033090708,0.00021843682,0.00029105141,0.00013806699,5.9738104e-05,7.132922e-05,0.00014086936,0.0013019333,0.9944695
20180112-102916-1.jpg,8,8,0.00017167775,6.8547806e-05,0.00012360738,9.2530198e-05,3.4158925e-05,6.0244832e-06,2.5271713e-05,6.0788869e-05,0.99941739
20180112-102917-2.jpg,8,8,0.0026823834,0.00042066667,0.00052037677,0.00017806264,7.1411895e-05,5.4374844e-05,4.7985833e-05,0.00028199304,0.99574274
20180112-103044-1.jpg,8,8,0.00015782044,6.0041843e-05,0.00023084905,9.2754176e-05,6.3760881e-05,1.3811616e-05,7.3365866e-06,0.00018823462,0.99918539
20180112-103053-1.jpg,8,8,0.060414574,0.0010864788,0.00039965892,0.0055743626,0.0021038677,0.00044017127,0.0010454034,0.00028857544,0.92864691
20180112-103123-1.jpg,8,8,0.00086724392,5.1729718e-05,1.5679556e-05,0.00030132211,0.00015787514,1.1363796e-05,7.8909358e-06,0.000114925,0.99847197
20180112-103132-1.jpg,8,8,0.0012191256,9.2999822e-05,0.00031293755,0.0025500557,0.0003280865,3.4585382e-05,1.9999187e-05,0.00014526049,0.99529695
20180112-103136-2.jpg,8,8,0.0050332367,0.0010358182,0.0010897555,0.00061274765,0.002449996,0.00039489626,0.0002341708,0.0010371388,0.98811224
20180112-103220-1.jpg,8,8,0.0022449929,0.00011818817,0.00029539596,0.0072065716,0.00054259785,4.2378079e-05,0.00024146316,0.00058337625,0.98872504
20180112-103228-2.jpg,8,8,0.0029251781,0.0022947857,0.0041303046,0.0034851481,0.00047554098,0.083110695,0.00053799153,0.0078908341,0.89514952
20180112-103239-2.jpg,8,8,0.0036028898,0.00019120089,0.0003277963,0.0001446369,0.00041177237,0.0001372705,0.00015501437,0.00022751186,0.99480191
20180112-103345-2.jpg,8,8,0.0015227734,0.00038386768,0.0022294977,0.00050418138,0.00039903553,0.002498063,0.00020451005,0.00017858816,0.99207948
20180112-103541-2.jpg,8,8,0.0057460807,0.0034763265,0.002532062,0.0003569949,0.00077279047,0.00014674651,0.0020797745,0.00030015494,0.98458907
20180112-103542-2.jpg,8,8,0.0049867247,0.00074021076,0.0045784594,0.00091569273,0.0073432253,0.00013636815,0.002088671,0.00020858637,0.97900206
20180112-103640-1.jpg,8,8,0.0094162558,0.00018121864,0.00064749723,0.0016086041,0.01434333,0.00015596953,0.00011803638,0.0029173272,0.97061176
20180112-103709-1.jpg,8,8,0.00011834671,4.0235564e-05,6.9671397e-06,0.0001547404,1.097941e-05,9.6625721e-06,2.5608706e-05,0.00010738928,0.99952607
20180112-103925-2.jpg,8,8,0.0013359272,0.00041604095,0.00091860751,0.00094848907,6.5465449e-05,0.0017563477,3.1378196e-05,0.0059629881,0.98856476
20180112-104257-2.jpg,8,8,0.0004083223,7.2857759e-05,0.00038591834,4.406237e-05,0.00025920682,2.2858719e-05,9.9445e-06,0.0001525379,0.99864429
20180119-104336-1.jpg,8,8,0.00023122009,0.00049945069,2.8580761e-05,9.9461431e-05,7.0357357e-06,8.5838445e-05,5.6408121e-05,0.00012150998,0.99887049
20180119-104440-1.jpg,8,8,0.04784564,0.00098739404,0.00011380579,0.00088677451,0.0012114542,7.5908005e-05,0.010694823,0.0020464544,0.93613775
20180119-104711-2.jpg,8,8,0.00016612131,0.00011959516,3.4890999e-05,4.812e-06,3.6241447e-05,6.1046162e-06,0.00011563539,0.00044599271,0.99907061
20180119-104724-1.jpg,8,8,0.0027676487,0.00078078331,0.00010169359,5.2731128e-05,9.0011397e-06,8.5749666e-05,0.00064345442,0.0012330359,0.9943259
20180119-104748-2.jpg,8,8,0.00012069477,0.00019802958,5.5247339e-05,1.3574765e-05,2.0301071e-05,1.8180631e-05,0.0002638187,0.00025086374,0.99905929
20180119-104803-2.jpg,8,8,0.0010070041,0.00011000316,0.00016614003,3.2069558e-05,0.00027522217,4.6244805e-05,0.00068291188,0.0006622305,0.99701817
20180119-104839-1.jpg,8,8,0.00090274839,0.00039681991,1.8482845e-05,1.3369821e-05,6.8083763e-06,1.2875383e-05,1.3359214e-05,0.00050950585,0.99812603
20180119-104845-2.jpg,8,8,0.00015560703,0.00090789255,3.8357447e-05,4.0780052e-06,4.6963685e-06,0.00010239741,5.9962655e-05,0.00085214958,0.99787486
20180119-104920-2.jpg,8,8,0.00013268393,0.0018759049,5.0712471e-05,1.1565086e-05,1.9126559e-05,6.6758639e-05,0.00014239582,0.00017190822,0.99752894
20180119-105020-1.jpg,8,8,0.00011658084,0.00094413998,2.3716121e-05,5.5518174e-05,3.6361883e-06,7.1352757e-05,1.3713793e-05,6.4014394e-05,0.99870733
20180119-105157-2.jpg,8,8,0.00050651578,0.00038804824,6.9725044e-05,1.7954592e-05,9.0807131e-05,1.6336117e-05,0.00023380688,0.00062081528,0.99805599
20180119-105220-1.jpg,8,8,0.0039222071,0.0051401776,0.000384013,4.7919835e-05,0.00021812515,0.0075471032,0.088338646,0.00057158166,0.89383023
20180119-105259-1.jpg,8,8,0.00027609649,5.0605682e-05,2.6982102e-05,7.3920867e-05,9.0325288e-06,0.00016181406,7.9573902e-05,0.00016326039,0.99915871
20180119-105309-1.jpg,8,8,0.0012787396,0.0017418503,0.00075169628,4.97077e-05,0.00074525151,0.002107995,0.14236687,7.7638722e-05,0.85088025
20180119-105336-1.jpg,8,8,0.0043785457,0.002409237,8.7556919e-05,0.00062103316,0.00029247664,0.0024811833,7.8499651e-05,0.0013042783,0.98834719
20180119-105357-1.jpg,8,8,0.0003000134,0.002230306,3.7123887e-05,0.00010771426,1.2495498e-05,0.00071305644,4.9361489e-05,0.00082710508,0.99572282
20180119-105410-2.jpg,8,8,0.0045196828,7.6917967e-05,0.0001135888,3.2301834e-05,0.00012756797,0.00014079475,0.0017257301,0.0016348415,0.99162857
20180119-105416-1.jpg,8,8,9.0074969e-05,0.00012438682,2.2913517e-05,1.2080362e-05,8.9120658e-06,2.3352329e-05,0.00013415214,2.0039764e-05,0.99956409
20180119-105426-1.jpg,8,8,0.00011023708,0.00031080505,2.1962259e-05,1.5191524e-05,5.1751064e-06,0.00022628844,0.00010107008,8.1081393e-05,0.99912819
20180119-105746-1.jpg,8,8,0.0044163196,0.21402261,0.0015332414,9.3926034e-05,0.00052555171,0.0031791925,0.00074129463,0.0033138132,0.77217405
20180119-105825-2.jpg,8,8,0.0016185247,0.0098166507,5.0800229e-05,2.2045561e-05,0.00022983377,1.6415825e-05,2.3255596e-05,0.00081783637,0.98740464
20180119-105834-1.jpg,8,8,0.0039207249,0.01083747,0.0016400001,0.00059515871,0.0038170291,0.0041615903,0.0055646744,0.0045287033,0.96493465
20180119-105929-2.jpg,8,8,0.00087917551,0.00018220057,0.00029604548,2.8414149e-05,0.00021342393,4.1532788e-05,0.00070122221,0.00033079235,0.99732719
20180119-105952-2.jpg,8,8,0.028397622,0.0074369639,0.00040094744,0.00018153108,0.00092820336,0.0031851372,0.03238491,0.045514713,0.88156997
20180119-110000-2.jpg,8,8,0.0039774431,0.0023120601,4.768987e-05,0.0036196726,0.0014285974,1.2737968e-05,8.026203e-05,0.00021432086,0.98830722
20180119-110042-1.jpg,8,8,0.006445916,0.0068434324,6.896172e-05,0.00046483734,0.0015837755,0.002154483,0.0099723821,0.0038882076,0.968578
20180119-110058-2.jpg,8,8,0.00024080487,0.00015213464,5.4722269e-05,9.7857795e-06,6.4239093e-06,5.698977e-05,0.00017620803,0.0017963916,0.99750654
20180119-110105-1.jpg,8,8,0.00047989217,0.00010217937,1.7031503e-05,9.347092e-05,1.0526267e-05,0.00022421565,7.6994498e-05,0.000162223,0.99883347
20180119-110108-2.jpg,8,8,0.0024094199,0.00102569,3.9498499e-05,2.214681e-05,8.028335e-06,9.2016976e-05,1.0512485e-05,0.0015529006,0.99483979
20180119-110115-1.jpg,8,8,0.00084091691,0.00015854384,1.8452897e-05,3.0617968e-05,4.1628146e-05,8.5193562e-05,1.1880633e-05,0.00050952223,0.99830324
20180119-110124-1.jpg,8,8,0.0018033992,0.0006723259,1.6481829e-05,2.6981318e-05,2.2861218e-05,1.116475e-05,3.0662512e-05,0.00056941486,0.99684671
20180119-110143-1.jpg,8,8,0.0010769414,0.011317657,0.00030686848,0.00018147302,2.0033977e-05,0.013208324,0.0018331312,0.0036059208,0.96844965
20180119-110152-1.jpg,8,8,0.0012750832,0.0010066519,2.068403e-05,6.1204817e-05,0.00016582764,6.1021122e-06,3.4416602e-05,0.00028324816,0.99714678
20180119-110227-1.jpg,8,8,0.0054801785,0.0037324389,0.0025766876,0.00047444026,0.00025921075,0.0026263457,0.0021468816,0.0084741275,0.97422969
20180119-110236-1.jpg,8,8,0.00062951665,0.0017221217,6.7130511e-05,0.00043420872,0.00010950705,0.00032389433,0.00020691176,0.00034232736,0.99616438
20180119-110337-1.jpg,8,8,0.00090814464,0.0016747504,0.00011459477,1.270097e-05,4.2059997e-05,0.00019232075,0.00055551854,0.003088645,0.99341126
20180119-110347-1.jpg,8,8,0.00085507465,0.00013816923,0.0002747518,1.2346592e-05,2.2876605e-05,9.581602e-05,0.00033570169,0.00054488531,0.99772038
20180119-110348-2.jpg,8,8,0.0077952831,0.00078251478,7.1657157e-05,0.00011809541,0.00036865893,2.0753452e-05,1.8394429e-05,0.00081989803,0.99000474
20180119-110445-1.jpg,8,8,0.0011743696,0.0016681242,1.6028373e-05,2.4636658e-05,9.7890524e-06,0.00025770639,0.00023739016,0.0002866138,0.99632534
20180119-110455-2.jpg,8,8,0.0018224497,0.002877277,0.00010085809,1.6759257e-05,7.3859848e-05,1.6369617e-05,7.2916612e-05,0.0016985615,0.99332095
20180119-110456-2.jpg,8,8,0.00084020872,0.001444669,6.4874682e-05,2.0750494e-05,1.5593796e-05,8.3389694e-05,0.00012349929,0.0068380455,0.99056897
20180119-110526-2.jpg,8,8,6.8140424e-05,0.00018928464,1.4809804e-05,7.8848968e-06,4.717502e-05,6.8559709e-06,3.7053909e-05,0.00058912314,0.99903967
20180119-110540-1.jpg,8,8,0.003019239,0.033159934,0.00013921542,0.00011548085,0.00011890391,0.0027173511,0.18096276,0.0016220365,0.77814507
20180119-110559-2.jpg,8,8,0.0011817382,0.00054405598,7.832762e-05,2.2747636e-05,2.7753516e-06,8.7201028e-05,1.522436e-05,0.00019398152,0.99787395
20180119-110612-1.jpg,8,8,0.00074169607,0.00040149094,2.5020776e-05,2.1372528e-05,2.7556221e-05,1.1499508e-05,2.4413879e-05,0.00074655751,0.99800039
20180119-110622-1.jpg,8,8,0.0010784808,0.0010941314,7.4158188e-05,3.410684e-05,6.7964482e-05,6.0510378e-05,0.00022015712,0.00011755093,0.99725294
20180119-110709-1.jpg,8,8,0.00023486395,0.00093683806,6.3147877e-05,4.4649782e-05,8.5881482e-06,0.000304242,5.8728014e-05,9.5323961e-05,0.99825362
20180119-110729-1.jpg,8,8,0.00044019577,0.001947572,3.5496099e-05,2.2287766e-05,2.573456e-05,0.00011440754,0.00060482671,0.00042948519,0.99637999
20180119-110900-2.jpg,8,8,0.00014818637,0.0021018485,4.4414283e-05,5.3702232e-05,1.7854393e-05,6.3717855e-05,0.00013580141,8.6969667e-05,0.99734751
20180119-110901-2.jpg,8,8,5.9513573e-05,0.00065837407,1.8890695e-05,9.4546191e-06,8.6555486e-06,2.2057766e-05,1.9648981e-05,7.4022876e-05,0.99912938
20180119-111006-2.jpg,8,8,0.00094076537,0.00060483232,1.0820563e-05,7.1472931e-05,1.022103e-05,2.0315971e-05,9.0716181e-06,0.0003668607,0.99796564
20180119-111113-1.jpg,8,8,0.00058628811,0.0018854449,0.00032530878,5.0543058e-05,9.3214291e-05,0.0097180374,0.077150567,0.0017293855,0.90846121
20180119-111123-2.jpg,8,8,0.00072499478,0.00033628228,2.9595433e-05,1.0334348e-05,2.9374203e-06,9.4934915e-05,3.9952604e-05,0.00054963282,0.99821134
20180119-111132-1.jpg,8,8,0.00022663561,0.0011301481,3.2215667e-05,4.648177e-05,5.1194342e-05,2.5745606e-05,8.8849695e-05,2.4882277e-05,0.99837385
20180119-111225-2.jpg,8,8,0.00084963743,0.00061732904,0.00017205224,0.00012134078,0.00052741109,2.6188299e-05,2.5637245e-05,0.00059660273,0.9970638
20180119-111227-1.jpg,8,8,0.00013836964,0.00017766388,4.6656762e-05,1.112946e-05,1.6275329e-05,4.0819868e-05,0.00022413111,0.00012093961,0.99922401
20180119-111243-2.jpg,8,8,0.00047104935,0.00046600991,8.3066573e-05,1.2532223e-05,1.9738294e-05,2.9373112e-05,6.3636279e-05,0.0024049699,0.99644962
20180119-111316-2.jpg,8,1,0.074028129,0.53247624,0.002230645,0.0072555733,0.02858469,0.00014862872,0.00018685001,0.044033382,0.31105587
20180119-111351-2.jpg,8,8,0.0003247743,0.00037570164,9.5841054e-06,1.2576768e-05,4.2322819e-06,7.8751005e-05,1.8019411e-05,0.0001927055,0.99898365
20180119-112837-2.jpg,8,8,0.011480594,0.0016157097,6.5222176e-05,0.00010230524,5.9701191e-05,1.9237328e-05,8.5425994e-06,0.0010545903,0.9855941
20180119-113010-1.jpg,8,1,0.028043206,0.91005183,0.00016878822,0.00034654457,0.00022473821,0.015969806,0.0010094547,0.0070409245,0.037144709
20180119-113100-1.jpg,8,8,0.00039299678,0.00015698485,3.2156657e-05,1.2786608e-05,1.7356652e-05,3.244551e-05,7.8760597e-05,0.00015161635,0.9991249
20180119-113105-2.jpg,8,8,0.00066701216,0.0004099439,6.4856686e-05,8.9032452e-06,0.00010586118,6.0882254e-06,1.3315882e-05,0.00077491216,0.99794911
20180119-113106-2.jpg,8,8,0.016773687,0.0025932126,0.00036482589,2.9085098e-05,0.00016647992,5.1742478e-05,1.2543123e-05,0.003163237,0.97684519
20180119-113141-1.jpg,8,8,0.00034266212,0.0005226831,7.2086173e-05,2.5766916e-05,1.4222146e-05,0.003555823,0.0017433247,0.00019264904,0.99353078
20180119-113158-1.jpg,8,8,0.00022473454,0.00020877642,1.2001734e-05,1.586884e-05,8.6474543e-06,2.2446873e-05,1.1675741e-05,0.00037501555,0.99912083
20180119-113201-2.jpg,8,8,0.00049797867,0.0010476406,0.00018535271,0.00040838418,0.00040640671,1.4986928e-05,4.7394905e-05,0.00027216334,0.99711969
20180119-113224-2.jpg,8,8,0.00018627263,0.00085610697,0.00012205323,0.00053900989,0.00015504856,5.5825424e-05,0.00037913491,0.00012071981,0.99758583
20180119-113249-1.jpg,8,8,0.0019942616,0.0065903232,0.00011691114,0.00027918919,8.1680087e-05,0.00024390769,0.00021238398,0.0034366581,0.98704468
20180119-113326-2.jpg,8,8,0.00058834922,0.00022169714,1.7433646e-05,1.9217899e-05,5.3770355e-06,2.6717893e-05,1.0591791e-05,0.0010497527,0.99806086
20180119-113346-1.jpg,8,8,0.0013331486,0.00048506297,4.1655469e-05,3.7388146e-05,9.7012792e-06,0.00051002366,0.00016609056,0.00039630214,0.99702063
20180119-113418-2.jpg,8,8,0.00011127731,0.0036117052,7.1630569e-05,0.00013039424,0.00015731852,1.6919823e-05,6.5814485e-05,0.00041091766,0.99542402
20180119-113517-2.jpg,8,8,0.00072340044,0.00042536223,1.7443281e-05,2.3322003e-05,2.002851e-05,0.00022792726,7.6659384e-05,0.0019900708,0.99649579
20180119-113625-1.jpg,8,8,0.00053648557,0.00070369222,1.4483462e-05,5.9233789e-05,1.611519e-05,5.1518839e-06,3.1613979e-05,4.5127262e-05,0.9985881
20180119-113715-2.jpg,8,8,0.0010319559,0.026338972,0.00057850506,0.0001560864,1.3981676e-05,0.0061309058,0.00042451637,0.0012487389,0.96407634
20180119-113724-2.jpg,8,8,0.00011337188,0.0024233193,1.1528868e-05,2.3276325e-05,4.1701788e-06,4.9346247e-05,0.00029471973,6.7327273e-05,0.99701294
20180119-113736-2.jpg,8,8,0.00010722244,0.0021734624,1.6073848e-05,2.1794509e-05,4.9598727e-06,0.00013625513,0.0005011613,6.6872385e-05,0.9969722
20180119-113742-1.jpg,8,8,0.00095997182,0.00080223866,1.4931748e-05,6.1508806e-05,8.5854217e-05,7.9113651e-05,0.0007281026,0.00019341391,0.99707486
20180119-113746-2.jpg,8,8,0.00043274761,0.00062903992,1.597162e-05,0.00045386331,6.741806e-06,8.9123864e-05,3.2010594e-05,0.00037999013,0.99796051
20180119-113819-2.jpg,8,8,0.00042160631,0.0020626459,4.2803304e-05,1.9866504e-05,2.3191661e-06,0.00017286324,0.0001951287,0.00010768466,0.99697508
20180119-113829-1.jpg,8,8,0.0050331126,0.0017064217,6.0438075e-05,2.0787187e-05,8.0061042e-06,7.7491034e-05,0.00011022676,0.0020026798,0.99098084
20180119-113900-2.jpg,8,8,0.0013945966,0.00033097197,0.00010840026,8.2289779e-06,5.9297739e-06,0.0001526391,0.00017648596,0.00068784274,0.9971349
20180119-113908-2.jpg,8,8,0.0025177698,0.0017542059,0.00011914247,0.00010006606,2.90914e-05,0.0024226607,0.00030605397,0.00069265938,0.99205835
20180119-113909-1.jpg,8,8,0.00093865998,0.0067100012,4.8055715e-05,1.200202e-05,6.7121966e-06,0.00028051975,9.587532e-05,0.0025820542,0.98932612
20180119-113936-1.jpg,8,8,0.00074154586,8.415172e-05,6.2307054e-05,7.5341166e-06,6.3586933e-05,9.803399e-06,5.4825296e-05,0.00027036376,0.99870588
20180119-113953-2.jpg,8,8,0.00054471311,0.0013064275,9.7403421e-05,0.0020849673,0.00012086937,6.3445881e-05,8.282045e-05,0.00010323624,0.99559612
20180119-114117-1.jpg,8,8,5.8694494e-05,0.00018595236,5.0353448e-05,9.6193507e-06,9.7689882e-06,4.0455872e-05,5.5631996e-05,9.4655883e-05,0.99949487
20180119-114127-1.jpg,8,8,0.034966787,0.0016694895,0.00021448526,0.053476027,0.0017695047,0.00068806249,0.00084803876,0.01102991,0.8953377
20180119-114151-2.jpg,8,8,0.009180179,0.32232237,0.0004353108,0.00035232293,0.0002013891,0.00036611023,0.002838686,0.00020146934,0.66410216
20180119-114307-2.jpg,8,8,0.0049621118,0.00033026219,0.0001220394,2.3365752e-05,0.00025290149,2.6435745e-05,6.9769209e-05,0.0025703108,0.9916428
20180119-114412-1.jpg,8,8,0.00090491332,0.00070759982,0.00013478245,3.1309715e-05,4.9659277e-05,0.00052059438,0.034682445,0.00095887131,0.96200983
20180119-114426-2.jpg,8,8,0.00061993134,0.00020482172,9.4635415e-05,4.7553629e-05,1.7248114e-05,0.00038414854,0.0002820833,0.0015359987,0.99681358
20180119-114524-1.jpg,8,8,0.00013369321,0.0003829034,2.2430002e-05,1.8083302e-05,1.9986389e-06,3.1610203e-05,3.4822678e-05,0.00013424916,0.99924021
20180119-114600-1.jpg,8,8,0.00011350672,0.0027198055,3.7806356e-05,8.1094751e-05,1.9639982e-05,3.0929162e-05,8.8602211e-05,7.5759997e-05,0.99683286
20180119-114710-2.jpg,8,8,0.0015618569,7.775894e-05,4.3948112e-05,0.00032869149,2.1869958e-05,2.9362368e-05,1.9958168e-05,0.0001016978,0.99781486
20180119-114810-1.jpg,8,8,0.016280812,0.0015719562,0.00011096613,0.00010268409,0.00012838148,0.000131963,0.014998459,0.0054354794,0.9612393
20180119-114849-1.jpg,8,8,0.0011550534,0.00030835173,0.00070517905,0.00057631623,0.0047006399,3.8362819e-05,0.0005982693,0.00049591032,0.99142192
20180119-114919-2.jpg,8,8,0.00023900148,0.0003067006,6.0569835e-05,1.9401624e-05,8.4626539e-06,0.00076448021,4.242233e-05,0.0001966428,0.99836232
20180119-115013-2.jpg,8,8,0.0032826033,0.0052190282,0.00072154162,0.0018585807,0.0034017191,6.0728166e-05,8.8259563e-05,0.00027743498,0.9850901
20180119-115103-1.jpg,8,8,0.01058643,0.0010144138,0.0013454872,0.00021880738,0.00051782004,0.00028710487,0.032349502,0.00094875227,0.95273168
20180119-115120-1.jpg,8,8,0.00023196379,0.00023265454,0.00023982923,0.00010755162,0.00034906171,0.00021887928,0.06374299,0.0004872049,0.93438987
20180119-115131-1.jpg,8,8,0.00070604321,0.0041213483,0.00035993292,0.010399196,0.00042112703,3.5990353e-05,0.00011182497,8.2649526e-05,0.98376189
20180119-115218-1.jpg,8,8,0.0040622488,0.0010882807,0.0001246217,0.00029168206,0.00016730176,0.00013205233,0.049510682,0.0016699522,0.94295318
20180119-115236-1.jpg,8,8,0.00012949701,0.00091793569,0.0001224225,1.8069356e-05,1.2881696e-05,0.0013008523,0.0015489495,0.0008792938,0.9950701
20180119-115301-2.jpg,8,8,0.00090604016,0.0019564812,6.6687588e-05,0.00032843134,0.00013597431,0.00020104246,0.00014617217,0.00023647787,0.99602269
20180119-115313-2.jpg,8,8,0.00230979,0.00051898057,0.00014787711,4.5903379e-05,1.3054648e-05,0.0034868257,0.00087141554,0.00047098568,0.99213517
20180119-115329-1.jpg,8,8,0.00010614824,0.00025140902,7.1322639e-05,9.8437888e-06,6.8185463e-06,4.0753357e-05,0.00061952563,0.00017983743,0.99871434
20180119-115339-2.jpg,8,0,0.53439287,0.38024436,0.00059283779,0.0013714109,0.00010234897,0.0028495724,0.00021991601,0.0089820515,0.071244626
20180119-115409-2.jpg,8,8,0.029486621,0.00369283,0.00021205699,2.4061974e-05,1.4098741e-05,0.0020382151,6.8780383e-05,0.00027566992,0.96418767
20180119-115439-1.jpg,8,8,0.0009938963,0.00013981808,1.7979214e-05,4.3238054e-05,8.9469205e-06,7.0018235e-05,9.9801778e-05,0.00041820939,0.99820809
20180119-115524-1.jpg,8,8,0.00021842554,0.003368062,0.00055332946,2.4083886e-05,0.00026076978,4.3093719e-05,0.00054432851,0.00049210672,0.9944958
20180119-115546-1.jpg,8,8,0.00019894966,0.00012333915,1.5015818e-05,5.5208655e-05,8.5408454e-05,1.6750376e-05,7.8227667e-05,0.0009195731,0.99850753
20180119-115551-2.jpg,8,8,0.0020046427,0.00065009413,0.00036658701,0.0023499845,0.00072889364,0.01507424,0.0024706314,0.0032905165,0.97306441
20180119-115659-2.jpg,8,8,0.00066334209,0.00027485518,0.00027456583,4.8258138e-05,0.00011892317,0.00062499518,6.5529081e-05,0.0015778057,0.99635173
20180125-091003-1.jpg,8,8,5.7640384e-05,4.4831688e-05,7.8873885e-06,2.8792951e-05,2.9248573e-05,3.7417192e-06,6.2339133e-05,6.0822562e-05,0.9997047
20180125-091041-1.jpg,8,8,0.00014107886,3.6325784e-05,0.00015588559,2.270178e-05,0.00015153516,6.4068854e-05,0.00022123332,5.4505991e-05,0.99915266
20180125-091225-1.jpg,8,8,3.6891584e-05,0.00010458892,5.1860256e-06,4.3071086e-05,4.1093953e-05,9.1361286e-06,5.420514e-05,0.00016481825,0.99954101
20180125-091231-2.jpg,8,8,3.3660861e-05,0.00023533313,8.3030117e-06,1.744643e-05,1.3315728e-05,2.1193657e-05,0.0001009199,0.00015851168,0.99941132
20180125-091303-2.jpg,8,8,3.9719764e-05,4.0165231e-05,7.2549766e-06,3.5405911e-05,2.4443695e-05,4.2622229e-06,6.9034093e-05,3.9444282e-05,0.99974027
20180125-091331-1.jpg,8,8,3.076785e-05,7.2173694e-05,1.0829999e-05,1.2903761e-05,1.4851896e-05,6.5305323e-06,5.4165864e-05,7.9907692e-05,0.99971787
20180125-091340-2.jpg,8,8,0.00017001885,1.7733594e-05,3.1879956e-05,2.6900867e-05,0.00017999027,6.2894578e-05,0.000685858,0.00017402291,0.9986507
20180125-091342-1.jpg,8,8,4.3538863e-05,5.3497609e-05,8.6191533e-06,1.7739879e-05,2.1118673e-05,4.1810241e-06,3.6297909e-05,4.7044087e-05,0.99976796
20180125-091410-2.jpg,8,8,3.5747996e-05,8.4222859e-05,1.1083156e-05,1.1563199e-05,3.8209624e-05,5.0387417e-06,4.0964517e-05,6.7350782e-05,0.99970582
20180125-091531-2.jpg,8,8,9.0013397e-05,4.2530349e-05,2.0817624e-05,3.4875115e-05,3.5805923e-05,3.8833473e-05,0.00025721445,0.0004475396,0.99903237
20180125-091547-1.jpg,8,8,3.8596627e-05,7.3699556e-05,1.4616341e-05,1.8733439e-05,8.4719008e-06,7.2363428e-06,3.164262e-05,0.00012725831,0.99967974
20180125-091559-1.jpg,8,8,0.00016792679,5.9796083e-05,3.3846629e-05,4.8866421e-05,4.6966044e-05,2.2937645e-05,0.00030122684,6.5570048e-05,0.99925286
20180125-091610-1.jpg,8,8,0.00067256096,8.8874082e-05,8.5112982e-05,7.2326657e-05,0.00013870908,0.00020054926,0.0011266296,0.00015892612,0.99745631
20180125-091620-1.jpg,8,8,4.3052229e-05,2.3695876e-05,1.270163e-05,2.5266183e-05,1.2921047e-05,5.6616758e-06,8.9529141e-05,4.1585469e-05,0.99974559
20180125-091627-2.jpg,8,8,7.5459438e-05,1.865436e-05,3.0204743e-05,2.5196439e-05,4.5393073e-05,3.0860164e-05,0.00011037457,0.00015449936,0.99950936
20180125-091849-1.jpg,8,8,2.687282e-05,5.1566992e-05,1.0800729e-05,1.6681659e-05,1.0516808e-05,5.9760624e-06,6.4685291e-05,6.9496604e-05,0.9997434
20180125-091855-2.jpg,8,8,0.00027932399,4.4149406e-05,2.7952921e-05,7.1685443e-05,0.00028020781,3.3833268e-05,0.00048643413,0.00018592938,0.99859048
20180125-091934-2.jpg,8,8,0.0001174277,3.6622102e-05,3.5485203e-05,2.7636053e-05,5.6498426e-05,2.6900968e-05,0.00016398918,7.5451293e-05,0.99945999
20180125-091946-1.jpg,8,8,2.9469855e-05,4.4132887e-05,9.8101578e-06,9.8304642e-06,1.1468423e-05,7.9927916e-06,7.8730828e-05,7.6732671e-05,0.99973183
20180125-092100-2.jpg,8,8,0.00016695636,0.00094287996,9.0960417e-05,3.9750434e-05,9.0634427e-05,2.4627465e-05,0.00014091287,0.00013203306,0.99837125
20180125-092140-1.jpg,8,8,4.8372367e-05,0.00010940158,8.4847475e-06,3.4801002e-05,8.6347838e-06,9.2645868e-06,4.0258061e-05,7.6224048e-05,0.99966456
20180125-092215-1.jpg,8,8,3.6930323e-05,7.9411138e-05,8.4696428e-06,2.5428736e-05,2.2556359e-05,3.3806596e-06,2.7198291e-05,3.5846854e-05,0.99976078
20180125-092219-2.jpg,8,8,8.5261461e-05,0.00011413823,8.2123449e-06,6.7160368e-06,2.9596905e-05,6.0400466e-06,4.0864291e-05,0.00012752284,0.99958165
20180125-092228-1.jpg,8,8,0.00011518531,5.1404213e-05,1.0087612e-05,3.573408e-05,2.2407637e-05,6.5804927e-06,5.0550225e-05,0.00010549094,0.99960256
20180125-092249-2.jpg,8,8,5.5748771e-05,0.00011171931,1.5295145e-05,1.9639205e-05,1.0288642e-05,8.535818e-06,1.3108929e-05,0.00012216755,0.9996435
20180125-092250-2.jpg,8,8,0.00010404724,0.00014846117,1.3241606e-05,4.3182866e-06,4.9336941e-05,3.939123e-06,3.3433212e-05,0.00015296049,0.99949026
20180125-092322-2.jpg,8,8,8.6326676e-05,0.00010740445,1.83411e-05,5.3585769e-06,5.339008e-05,4.705782e-06,7.5737236e-05,8.4048608e-05,0.99956469
20180125-092333-2.jpg,8,8,0.00013920642,0.00013525516,1.7511418e-05,6.0256248e-06,6.7593049e-05,7.8039565e-06,6.2024236e-05,0.00011399718,0.99945058
20180125-092541-2.jpg,8,8,0.00015016245,0.00014676157,1.2165917e-05,1.2248034e-05,5.0707442e-05,3.5133538e-06,2.5660327e-05,0.00012329026,0.99947549
20180125-092542-2.jpg,8,8,0.00015230499,0.00021639436,1.1930037e-05,1.5776347e-05,0.00014473849,6.3951801e-06,2.4782162e-05,0.00015822034,0.99926946
20180125-092544-1.jpg,8,8,4.0677658e-05,6.2456304e-05,5.9806966e-06,4.4464207e-05,2.7153723e-05,6.1141667e-06,5.5480982e-05,4.621989e-05,0.99971145
20180125-092625-1.jpg,8,8,0.00025216139,3.7615806e-05,3.0523413e-05,0.00077389084,0.00028825229,0.00016117531,0.00016474875,9.2171578e-05,0.99819946
20180125-092733-1.jpg,8,8,4.1074504e-05,8.6397145e-05,1.396658e-05,1.7135732e-05,1.3410799e-05,1.2388509e-05,5.7620576e-05,0.00010143095,0.99965658
20180125-092739-2.jpg,8,8,3.9973498e-05,9.984359e-05,1.0400873e-05,1.242539e-05,6.1585371e-05,4.0216225e-06,4.6700403e-05,6.2876732e-05,0.99966217
20180125-092832-1.jpg,8,8,3.5625556e-05,8.3912164e-05,9.8000309e-06,1.1815659e-05,1.4903904e-05,9.9492055e-06,6.4590794e-05,8.8127886e-05,0.99968127
20180125-092911-2.jpg,8,8,4.6726973e-05,8.3053667e-05,1.1929199e-05,7.5967286e-06,8.5427415e-05,5.250877e-06,6.8367052e-05,6.8251433e-05,0.9996234
20180125-092942-2.jpg,8,8,0.00010209165,0.00014318386,1.7932554e-05,1.7927378e-05,0.00040865011,3.6708228e-06,7.2646042e-05,6.8880613e-05,0.99916502
20180125-092952-2.jpg,8,8,5.0497976e-05,7.638126e-05,7.015984e-06,6.4367935e-06,3.2006149e-05,5.7888711e-06,5.9156921e-05,9.1688119e-05,0.99967103
20180125-093013-1.jpg,8,8,0.00024310861,6.1723817e-05,0.00019619608,0.00037097756,0.0071017167,0.0032300066,0.0017230804,0.00057900235,0.98649419
20180125-093014-2.jpg,8,8,6.3699396e-05,0.00137215,2.7440353e-05,3.5704666e-05,6.5768787e-05,4.7317984e-05,0.00013553207,8.932628e-05,0.99816306
20180125-093025-1.jpg,8,8,0.00048305926,6.3964929e-05,0.00085377041,8.772648e-05,0.0096651008,0.00023498273,0.00063333052,0.00017742888,0.98780064
20180125-093047-2.jpg,8,8,4.1202126e-05,0.00016559948,1.3174599e-05,1.354042e-05,1.4696895e-05,9.3833717e-06,5.7248298e-05,9.9683952e-05,0.99958547
20180125-093056-2.jpg,8,8,9.1530206e-05,0.00086721862,1.0789379e-05,1.5719654e-05,2.6722247e-05,7.5156921e-06,3.7372927e-05,0.00016958732,0.99877354
20180125-093120-2.jpg,8,8,9.1000895e-05,0.00090648485,3.003548e-05,3.4168829e-05,0.00015224355,1.7174925e-05,7.3077914e-05,0.00024260236,0.99845321
20180125-093202-1.jpg,8,8,6.431019e-05,5.0191728e-05,1.9935349e-05,2.1473082e-05,2.0378098e-05,1.4294431e-05,0.00038847323,8.4517974e-05,0.99933643
20180125-093220-2.jpg,8,8,5.3357418e-05,0.00010149633,1.0120159e-05,2.6969271e-05,3.3924487e-05,6.5600072e-06,4.4340453e-05,4.8900523e-05,0.99967433
20180125-093221-2.jpg,8,8,4.4682367e-05,5.4670945e-05,9.6679902e-06,1.0276733e-05,1.5912051e-05,4.6918779e-06,3.2620286e-05,6.6994305e-05,0.99976048
20180125-093224-1.jpg,8,8,4.2015407e-05,3.4378819e-05,1.4066505e-05,8.5147302e-06,1.7770881e-05,4.8751655e-06,7.2510217e-05,5.1217024e-05,0.99975465
20180125-093235-1.jpg,8,8,5.5566568e-05,4.024708e-05,1.4675912e-05,7.8040468e-06,7.6584782e-05,4.6711347e-06,9.2283458e-05,5.1138704e-05,0.99965703
20180125-093327-1.jpg,8,8,0.00064341668,8.2330278e-05,6.4724638e-05,0.0010509821,0.0012226087,6.3451104e-05,0.00052407837,0.00027760359,0.9960708
20180125-093430-2.jpg,8,8,2.7318125e-05,4.0430169e-05,8.171917e-06,6.7696268e-06,4.8199899e-05,4.3507051e-06,3.4578171e-05,8.6802704e-05,0.99974338
20180125-093556-1.jpg,8,8,0.00013410492,3.8004621e-05,2.7879378e-05,0.00038525472,0.0006406722,2.1802189e-05,0.00052780261,5.8239028e-05,0.99816624
20180125-093636-2.jpg,8,8,4.2912611e-05,5.7416904e-05,1.48326e-05,7.4808659e-06,0.00011581846,5.3251444e-06,4.3737293e-05,6.5491811e-05,0.99964698
20180125-093655-1.jpg,8,8,0.0018613035,0.0001455114,2.2646448e-05,0.00073812985,0.00046421941,1.3955094e-05,8.6030637e-05,0.00048847722,0.99617973
20180125-093734-2.jpg,8,8,6.9461121e-05,1.8310932e-05,8.8572597e-06,7.2493737e-05,4.3336021e-05,1.1523131e-05,2.0122371e-05,0.0001395458,0.99961635
20180125-093757-2.jpg,8,8,0.00017635985,5.1219918e-05,2.4624206e-05,6.8342596e-05,0.00015478645,1.5321785e-05,0.00017306964,0.00010083104,0.99923544
20180125-093824-1.jpg,8,8,7.9038504e-05,2.9279058e-05,8.2044684e-06,1.3161648e-05,1.9739172e-05,4.2854796e-06,5.1032909e-05,3.891453e-05,0.99975634
20180125-093847-1.jpg,8,8,3.6641417e-05,0.00070574985,3.9712763e-05,3.4676408e-05,2.1063196e-05,1.8880862e-05,0.00010775603,0.00017277687,0.99886274
20180125-093958-2.jpg,8,8,4.6256077e-05,7.0985528e-05,9.6447805e-06,1.0204063e-05,1.6260787e-05,4.6852498e-06,3.1725065e-05,7.8637067e-05,0.9997316
20180125-094007-1.jpg,8,8,5.3318455e-05,0.00016346757,1.3589332e-05,2.2127237e-05,4.8870282e-05,6.81992e-06,4.8941202e-05,3.9302569e-05,0.99960356
20180125-094055-1.jpg,8,8,0.00036906716,3.5399742e-05,3.3662096e-05,4.6684346e-05,0.0007832311,0.00022121111,9.5061049e-05,0.00047299377,0.99794269
20180125-094142-2.jpg,8,8,5.3984994e-05,4.3188016e-05,3.1552607e-05,4.4570739e-05,2.7893613e-05,1.2479919e-05,0.00012868019,0.00010783361,0.99954982
20180125-094143-1.jpg,8,8,6.349628e-05,3.7714199e-05,1.1992027e-05,1.337288e-05,2.0251557e-05,3.8687392e-06,5.776954e-05,4.6885169e-05,0.99974465
20180125-094229-2.jpg,8,8,0.00030759938,4.0692183e-05,8.976447e-05,2.8487993e-05,9.9979592e-05,3.0811667e-05,0.00018250152,6.481632e-05,0.99915535
20180125-094255-2.jpg,8,8,0.00028430499,3.7066867e-05,0.00019494522,8.2549195e-05,0.00057153003,4.1186643e-05,0.00034639703,8.110927e-05,0.99836091
20180125-094314-2.jpg,8,8,6.4361064e-05,4.5559453e-05,2.8754699e-05,2.7033158e-05,2.9830392e-05,9.5625992e-06,0.00011051665,7.7837484e-05,0.99960654
20180125-094353-2.jpg,8,8,9.7108679e-05,0.00023143289,1.0376851e-05,4.3276542e-05,0.0001101018,3.681395e-06,3.6946925e-05,0.00016559384,0.99930148
20180125-094439-2.jpg,8,8,7.5119979e-05,0.00033646317,1.1368505e-05,7.4714031e-05,4.1694379e-05,6.4361867e-06,1.359483e-05,0.00021887505,0.99922173
20180125-094911-2.jpg,8,8,0.0017553266,0.00011953356,0.00012324147,0.00029594689,0.00018676222,0.000508576,0.00032073571,0.00089614241,0.99579374
20180125-095013-1.jpg,8,8,0.0012225576,4.9364198e-05,4.9354367e-05,0.0003263677,0.0004673974,0.00041809826,0.00087260765,0.00039224486,0.99620201
20180125-095022-1.jpg,8,8,0.0022828669,0.00015593532,6.312596e-05,0.00028913583,0.0001739184,0.00034129088,0.00022576979,0.00057514957,0.99589281
20180125-095031-1.jpg,8,8,0.00049654168,6.3695428e-05,2.3178647e-05,9.3330181e-05,0.00017602317,8.1983525e-05,0.00015371478,8.2250908e-05,0.99882928
20180125-095045-1.jpg,8,8,0.045956652,0.0010099976,0.00029568096,0.0066811136,0.0045671997,0.0047793373,0.016410418,0.0081061525,0.91219345
20180125-095143-1.jpg,8,8,0.00010899648,3.9161935e-05,4.3223694e-05,0.00013534177,2.1773605e-05,2.9743411e-05,9.4112912e-05,2.2004879e-05,0.99950564
20180125-095154-1.jpg,8,8,0.00066706176,5.862706e-05,3.0972152e-05,0.00013741739,0.00010878503,0.00010107987,2.5875756e-05,0.00020754507,0.99866264
20180125-095158-2.jpg,8,8,0.001227216,6.267273e-05,0.00011188865,0.0003174731,9.1900468e-05,0.00035379757,0.00017143632,0.00041791064,0.9972457
20180125-095204-1.jpg,8,8,0.00026125859,3.8597332e-05,1.189853e-05,0.00024064078,6.062202e-05,6.2695574e-06,3.8204691e-05,6.165292e-05,0.99928086
20180125-095236-1.jpg,8,8,0.00055750016,2.5196352e-05,3.9172054e-05,0.00016960224,7.9993542e-05,4.8704143e-05,9.5392608e-05,0.00042676948,0.99855767
20180125-095252-2.jpg,8,8,0.0015218317,0.00011146852,0.00030916011,0.00080264816,0.00043153357,0.00030645004,0.00035857905,0.00044680117,0.99571153
20180125-095303-2.jpg,8,8,0.00048956944,2.3237457e-05,6.3347062e-05,7.0564063e-05,0.00011702753,0.00035505679,0.00037261084,9.0294919e-05,0.99841829
20180125-095326-2.jpg,8,8,0.00016131921,3.0288124e-05,0.00010452169,9.3136106e-05,0.00027156761,0.0002936519,0.00072591022,0.00020970524,0.9981099
20180125-095434-1.jpg,8,8,0.00010920825,5.4938387e-05,1.2611481e-05,9.7749555e-05,1.7614789e-05,1.240152e-05,5.1299659e-05,1.7970322e-05,0.99962621
20180125-095456-2.jpg,8,8,0.002623177,0.00021893531,0.00025913606,0.00035292417,8.4524489e-05,0.00067461498,0.00039647651,0.00085506027,0.99453515
20180125-095537-1.jpg,8,8,0.00041571023,5.2367224e-05,3.6956965e-05,0.00010297755,3.7887167e-05,5.0806375e-05,5.5695498e-05,0.00031086214,0.99893674
20180125-095549-2.jpg,8,8,0.00043200685,4.6202195e-05,7.789668e-05,9.4963658e-05,3.4215815e-05,0.00030752254,0.00018916093,0.00045729377,0.99836074
20180125-095558-1.jpg,8,6,0.0023521685,0.0012320934,0.00045647951,0.0012252505,0.001440145,0.040751157,0.70025545,0.00089382103,0.25139343
20180125-095634-1.jpg,8,8,0.0011457027,6.7012129e-05,5.0645618e-05,6.2116051e-05,5.9981317e-05,0.00050791562,0.00024588498,0.00042229999,0.99743844
20180125-095658-2.jpg,8,8,0.0026271758,0.00013016684,0.00099597556,0.001205112,0.0016930392,0.00036740941,0.00044398957,0.00065945189,0.99187768
20180125-095749-1.jpg,8,8,0.00013879013,1.9302511e-05,1.486999e-05,8.4977416e-05,4.6341589e-05,3.9776743e-05,0.00014414896,3.1521133e-05,0.99948027
20180125-095751-2.jpg,8,8,0.00049826772,2.915043e-05,6.7818659e-05,0.00014599707,9.1601553e-05,0.0002459037,0.00016483071,0.0002181642,0.99853827
20180125-095801-2.jpg,8,8,0.00012830312,2.3428987e-05,4.1634993e-05,0.00014063448,7.3843141e-05,0.00012286057,0.00016319874,0.0002581993,0.9990479
20180125-095811-1.jpg,8,8,0.00039525177,6.5434497e-05,3.8387322e-05,9.8693499e-05,4.1526846e-05,8.8853161e-05,8.8763528e-05,0.00065322108,0.99852987
20180125-095842-2.jpg,8,8,0.00017280648,2.4768011e-05,4.6984694e-05,8.74508e-05,3.7637491e-05,0.00028289539,0.00029978193,0.00017268677,0.99887499
20180125-095904-2.jpg,8,8,0.00019811821,1.3413136e-05,2.233871e-05,0.00011869387,5.2687124e-05,0.00011453534,9.4791027e-05,9.9596382e-05,0.99928583
20180125-095907-2.jpg,8,8,0.00022727943,2.0320922e-05,3.8599135e-05,5.0512397e-05,3.7340145e-05,8.9078373e-05,0.00013957826,0.00016463054,0.99923266
20180125-100003-1.jpg,8,8,0.00032617209,5.6625723e-05,4.9026261e-05,0.00012922765,0.00010808401,7.6593745e-05,0.00039911404,1.6568994e-05,0.99883859
20180125-100028-1.jpg,8,8,0.00071869578,0.00024251989,2.9531939e-05,0.00024052959,9.8295086e-05,7.3646793e-05,0.00071140111,9.8848843e-05,0.99778653
20180125-100037-2.jpg,8,8,0.0017659995,0.00013734003,0.00047895482,0.00070580247,0.0002996892,0.00051329801,0.00032617616,0.00072031466,0.99505243
20180125-100103-1.jpg,8,8,0.00020749681,6.59438e-05,2.7289165e-05,5.8691568e-05,1.2267243e-05,3.1135236e-05,0.00017218785,5.4600553e-05,0.99937039
20180125-100141-1.jpg,8,8,0.0010531147,9.9212714e-05,0.00021946617,0.00013113634,0.0001559306,0.00017714115,0.00081879983,0.0003960132,0.99694919
20180125-100152-1.jpg,8,8,0.00052075984,7.3061938e-05,2.807176e-05,0.00021221236,2.4577021e-05,2.0911358e-05,0.0001213804,5.7213536e-05,0.99894181
20180125-100204-1.jpg,8,8,0.00087484666,0.00010619393,3.7469036e-05,0.00014040809,6.7594028e-05,7.3013714e-05,6.7194407e-05,0.00025656796,0.99837671
20180125-100223-2.jpg,8,8,0.0004182842,8.1399068e-05,2.7637059e-05,0.0003176526,1.7189312e-05,0.00044183976,4.4653771e-05,0.0006450131,0.99800633
20180125-100248-1.jpg,8,8,0.0002139266,3.3433768e-05,1.2641969e-05,4.106715e-05,1.4769114e-05,1.6783686e-05,0.00011562612,4.5443754e-05,0.99950631
20180125-100328-2.jpg,8,8,0.00041377108,8.8555859e-05,4.9636682e-05,0.00061121436,5.8855816e-05,0.00021123535,8.6880146e-05,0.0021012142,0.99637864
20180125-100400-1.jpg,8,8,0.00015512429,2.964275e-05,2.083741e-05,9.145814e-05,0.00010803937,2.5707212e-05,0.00039614706,7.0339467e-05,0.9991027
20180125-100405-2.jpg,8,8,0.00044320232,3.3985378e-05,4.2009165e-05,0.00012458676,9.6868532e-05,0.00043042201,0.00026486874,0.00040195889,0.9981621
20180125-100512-2.jpg,8,8,0.002355417,0.00048367823,3.7964755e-05,0.0010304179,0.00024447996,0.00085867479,0.0023355117,0.0019688848,0.99068497
20180125-100533-1.jpg,8,8,0.0028007111,0.00014370491,0.00023254078,0.0020380919,0.011051851,0.00043276592,0.0016018997,0.0055776108,0.97612082
20180125-100600-2.jpg,8,8,0.00021103648,6.1080863e-05,8.4741531e-05,0.00020586896,3.3200591e-05,0.00013686351,0.00014740181,0.00043391205,0.99868589
20180125-100640-1.jpg,8,8,0.00010843707,7.7425137e-05,1.0495398e-05,2.3113658e-05,3.2299115e-05,1.9950278e-05,5.8146711e-05,8.6535055e-05,0.9995836
20180125-100726-2.jpg,8,8,0.00021998604,2.4457935e-05,7.3696767e-05,0.00056236693,0.000414754,0.00071039107,0.00049063151,0.00040691242,0.9970968
20180125-100815-2.jpg,8,8,0.00034509213,2.5882735e-05,2.5473121e-05,0.00014527186,0.00012321341,0.00029834159,0.00037809091,0.0001194689,0.99853917
20180125-100826-2.jpg,8,8,0.0004499909,2.2580147e-05,6.0175401e-05,0.0023971562,0.00055901774,0.00037782199,0.0002443955,0.00051646802,0.99537239
20180125-100954-2.jpg,8,8,0.00012751016,1.8575518e-05,1.1474881e-05,4.1849725e-05,0.00022195548,4.7086459e-05,0.00044756638,7.6607624e-05,0.99900737
20180125-101220-1.jpg,8,8,0.00010939019,2.2396407e-05,2.162381e-05,1.6252206e-05,0.00014325874,6.6620602e-05,0.00024497264,0.000102706,0.99927278
20180125-101231-2.jpg,8,8,0.00027866416,8.3998887e-05,3.107453e-05,5.2551598e-05,7.4290768e-05,0.00013753049,0.0010516172,0.00032154473,0.99796873
20180125-101241-1.jpg,8,8,0.00017717758,0.00019822118,3.0376585e-05,5.7925014e-05,5.501668e-05,0.0013372321,0.00071692253,0.0001955176,0.99723161
20180125-101241-2.jpg,8,8,0.0003108312,2.0656236e-05,5.5526394e-05,3.4662824e-05,6.0041033e-05,0.0001519172,0.0002694059,7.9320693e-05,0.99901764
20180125-101251-2.jpg,8,8,0.00040181005,2.657548e-05,6.2191458e-05,6.207077e-05,5.3962338e-05,0.00013859844,0.00035256353,0.0001928243,0.9987094
20180125-101252-1.jpg,8,8,6.1000307e-05,1.8945231e-05,8.4397801e-06,2.0848528e-05,2.3160525e-05,1.3757218e-05,0.00015239081,6.3607516e-05,0.99963785
20180125-101328-1.jpg,8,8,0.00013890598,3.4197671e-05,3.5739361e-05,2.4409571e-05,0.0012149224,0.00017042383,0.00013027105,0.00032190923,0.99792922
20180125-101344-2.jpg,8,8,0.00026516076,5.086313e-05,3.5273246e-05,0.00015453866,6.7907605e-05,3.7909888e-05,0.00042562705,0.00011004785,0.99885267
20180125-101824-2.jpg,8,8,0.00027259941,3.4316975e-05,2.8307903e-05,8.2829998e-05,3.5807746e-05,4.6479278e-05,0.00018054712,0.00015146756,0.99916764
20180125-101844-1.jpg,8,8,0.00014192989,3.9727743e-05,4.8890564e-05,3.4649403e-05,3.8957094e-05,0.00043180677,0.0005759476,0.0001005559,0.99858754
20180125-101858-1.jpg,8,8,0.0017387847,0.00025430511,4.5392518e-05,0.0002406446,7.8068922e-05,0.00014650947,0.00029961422,0.00043258179,0.9967641
20180125-101907-2.jpg,8,8,0.00026138415,4.0511092e-05,3.5350465e-05,0.000267899,0.00011109855,7.8556e-05,0.00033101408,0.00016250065,0.99871169
20180125-102016-1.jpg,8,8,0.00016791846,7.2582955e-05,2.8145264e-05,0.00014890663,7.7554791e-05,2.6616364e-05,8.659065e-05,6.0284511e-05,0.9993314
20180125-102041-2.jpg,8,8,0.00040910686,4.1692184e-05,1.8314046e-05,0.00011948662,4.4987684e-05,4.1702231e-05,5.0975115e-05,0.00023206201,0.99904167
20180125-102044-1.jpg,8,8,0.005131606,0.00068091897,0.00031609856,0.00062386697,0.00029325593,0.00086511759,0.010667664,0.00068624868,0.98073522
20180125-102104-1.jpg,8,8,0.0030502007,0.0001262702,3.0472227e-05,0.00048004048,7.0793789e-05,2.367421e-05,2.7774253e-05,0.00038213709,0.99580864
20180125-102132-2.jpg,8,8,5.0263905e-05,6.0114669e-05,1.2348642e-05,1.2276011e-05,3.4104999e-05,3.5630377e-06,2.8687198e-05,4.6898733e-05,0.99975174
20180125-102204-1.jpg,8,8,0.00057498848,0.00018752622,6.9227992e-05,0.00017290133,5.6294732e-05,9.9643562e-05,0.0010392052,0.0003324337,0.99746778
20180125-123318-2.jpg,8,8,7.7503858e-05,4.4188189e-05,2.9766658e-05,6.7040828e-06,3.1875441e-05,2.4556101e-06,3.338152e-05,4.8339333e-05,0.99972579
20180125-125831-2.jpg,8,8,0.00014736468,0.00019719087,3.3096619e-05,0.0012520863,2.3360454e-05,1.5783946e-05,0.00026059693,0.0002155472,0.99785497
20180125-125934-3.jpg,8,8,4.837267e-05,4.7383894e-05,1.0689003e-05,3.8379338e-05,2.0523605e-05,3.0219123e-06,5.5874363e-05,5.1976771e-05,0.99972378
20180125-130032-3.jpg,8,1,0.020273967,0.53556025,0.00056239827,0.005470848,0.00086778255,0.00095044067,0.00095478533,0.0050694526,0.43029008
20180125-130045-2.jpg,8,8,0.00012563764,7.1101144e-05,9.6995252e-06,3.9239302e-05,1.9468675e-05,0.00028445325,0.00041437506,0.00047142625,0.9985646
20180125-130048-3.jpg,8,8,0.0014690439,0.0025192637,9.595713e-06,0.00014260283,0.00017816412,2.8005923e-05,3.5696174e-05,0.00092044467,0.99469718
20180125-130058-3.jpg,8,8,3.5097032e-05,8.2408381e-05,1.0986049e-05,1.8356705e-05,2.2890855e-05,6.6342743e-06,5.2669662e-05,8.0557259e-05,0.9996904
20180125-130118-2.jpg,8,8,0.00014107913,0.00031261403,3.9241633e-06,2.1514101e-05,4.3139071e-05,1.3921768e-05,3.7765316e-05,0.00032284838,0.99910319
20180125-130141-3.jpg,8,8,3.4301119e-05,9.5187558e-05,1.5450411e-05,1.5719868e-05,1.8540473e-05,4.8243037e-06,3.2797166e-05,6.8627405e-05,0.99971455
20180125-130149-2.jpg,8,8,0.00025845021,8.8169975e-05,1.0733641e-05,0.00018769496,2.7302238e-05,2.6157319e-05,0.00021285154,0.0001452584,0.99904338
20180125-130223-3.jpg,8,8,0.0091614583,0.0050981253,0.00047770262,0.0012483872,0.00027871028,0.0047940935,0.016406251,0.015335259,0.94720001
20180125-130342-2.jpg,8,8,0.0001103781,4.4269238e-05,1.0703297e-05,0.00010038811,0.00011081569,2.2440555e-06,3.5513343e-05,7.7217602e-05,0.99950847
20180125-130408-3.jpg,8,8,9.1155998e-05,8.2845091e-05,1.0289982e-05,1.5206064e-05,6.8075791e-06,2.8971229e-05,6.3293752e-05,0.00012311382,0.99957832
20180125-130423-3.jpg,8,8,7.5405056e-05,7.8671706e-05,1.4301695e-05,7.1705566e-05,3.976925e-05,3.0901308e-06,2.867061e-05,2.6974861e-05,0.99966141
20180125-130452-2.jpg,8,8,0.00023303172,0.00018643979,3.5185495e-06,3.6977152e-05,4.8394173e-05,2.4751915e-05,4.9922086e-05,0.00069924362,0.99871772
20180125-130809-2.jpg,8,8,0.0015699799,0.00023462297,6.0545002e-05,0.00010244902,1.6924462e-05,6.0415092e-06,1.1616782e-05,0.00068626687,0.99731155
20180125-131011-2.jpg,8,8,0.16233891,0.00036607328,0.00066060794,0.0051382584,0.00023338618,0.00020320792,7.1665905e-05,0.030000442,0.80098744
20180125-131057-3.jpg,8,8,0.00023924882,0.00030477041,1.7264327e-05,0.00023416546,0.00024509675,5.9889538e-06,9.0783861e-05,9.757591e-05,0.99876511
20180125-131139-2.jpg,8,8,0.075039429,0.00028306058,0.00050155211,0.0015291135,8.354007e-05,4.2900618e-05,2.9494063e-05,0.00093099104,0.92155992
20180125-131150-3.jpg,8,8,0.00088680925,0.001411297,1.556302e-05,2.33274e-05,3.2986587e-05,3.5018541e-05,5.2485704e-05,0.0011809392,0.99636157
20180125-131224-2.jpg,8,8,0.0028636064,0.00010602798,6.3797321e-05,9.2402932e-05,2.5253338e-05,2.3757881e-05,7.9968841e-06,0.00090513027,0.99591203
20180125-131259-3.jpg,8,8,9.4609407e-05,8.3930475e-05,3.7213473e-05,9.2463557e-06,1.3125795e-05,1.8629837e-05,2.0861425e-05,0.00026283827,0.99945954
20180125-131414-3.jpg,8,7,0.078159107,0.12691231,0.00043176712,0.00036179825,0.00036950234,0.00096131792,0.00012207424,0.45701739,0.33566473
20180125-131441-2.jpg,8,8,0.0036795528,0.0014452521,0.00028866153,0.0094315111,7.1940853e-05,9.1907788e-05,0.00017097346,0.0023984915,0.98242171
20180125-131541-3.jpg,8,8,0.016069033,0.00044339151,0.0002110532,0.00039425513,0.0008811154,0.00031103765,6.5261226e-05,0.098866307,0.88275855
20180125-131545-2.jpg,8,8,0.00037613885,0.0011410904,3.9555272e-05,3.0139748e-05,1.4654075e-05,0.00018870325,0.0012776052,4.346737e-05,0.99688865
20180125-131638-3.jpg,8,8,0.00019070569,0.00064014815,1.793012e-05,1.2175118e-05,2.3268309e-05,0.00025192309,0.0015327546,0.0014185871,0.99591251
20180125-131658-2.jpg,8,8,0.0013210219,0.00040618948,3.7962562e-05,0.0024107324,1.1772069e-05,4.7694143e-05,1.0283481e-05,0.0015097141,0.99424463
20180125-131707-2.jpg,8,8,0.0010472554,0.0043635631,2.181171e-05,0.00019794869,2.9516263e-05,0.00039313478,0.0036552921,0.0003200883,0.98997139
20180125-131717-2.jpg,8,8,0.33845301,0.0053320857,0.00073221496,0.025692755,0.00015403863,0.00037622476,8.3472422e-05,0.049357269,0.57981894
20180125-131723-3.jpg,8,8,0.00019882551,0.00020934519,3.3586876e-05,1.6064025e-05,2.9042644e-05,7.751479e-06,3.2983908e-05,0.00054942909,0.99892297
20180125-131822-2.jpg,8,8,0.0011261023,0.002061972,4.9545867e-05,0.001085971,6.7168253e-05,2.3436475e-05,0.00022403633,0.002856679,0.99250509
20180125-131940-2.jpg,8,8,8.3720148e-05,0.00014336504,7.1222157e-06,5.3311793e-05,7.5643079e-06,1.5178723e-05,3.4024828e-05,0.00023567487,0.99942004
20180125-131958-3.jpg,8,8,0.0057732716,0.0062074987,0.00010129571,5.0436507e-05,0.0010311835,2.4174108e-05,0.0001525886,0.0024952858,0.98416427
20180125-132018-2.jpg,8,8,4.0231701e-05,9.8464045e-05,1.4281711e-05,6.324196e-05,1.7745171e-05,1.124253e-05,6.421966e-05,9.1014984e-05,0.99959956
20180125-132123-3.jpg,8,8,0.00087448815,0.0023847744,3.1820526e-05,3.6500889e-05,0.00029443306,5.345802e-05,7.4731872e-05,0.001907247,0.99434255
20180125-132133-3.jpg,8,8,0.00036086121,0.00018486295,1.629526e-05,2.922468e-05,7.5351841e-05,9.477845e-06,3.95381e-05,0.00041742205,0.99886697
20180125-132158-2.jpg,8,8,0.00042138719,0.00027785988,1.3687391e-05,0.00034049727,1.518031e-05,9.6600592e-06,1.2667402e-05,0.00027503082,0.99863403
20180125-132200-3.jpg,8,8,0.014203658,0.0095151414,8.5561392e-05,0.00049611665,0.00040839699,3.587295e-05,2.7325363e-05,0.0037502247,0.9714777
20180125-132211-3.jpg,8,8,0.0013762025,0.0096415128,4.2585872e-05,0.00013683495,6.9575919e-05,0.00019622109,0.00041176799,0.0018076317,0.98631767
20180125-132243-2.jpg,8,8,0.011057681,0.0030140025,0.00018113155,0.00067644354,0.00016981799,2.683015e-05,0.00013062087,0.0060386093,0.97870486
20180125-132255-2.jpg,8,8,0.00028434042,0.00025889746,2.9550123e-05,0.00036463947,5.4440389e-05,8.7122581e-05,1.9578648e-05,0.00057499686,0.99832643
20180125-132330-2.jpg,8,8,0.0012335967,0.00078130803,0.00010568642,0.00028432077,5.2376172e-05,5.9559952e-05,2.2782174e-05,0.00011322456,0.99734715
20180125-132332-3.jpg,8,8,0.012378101,0.0098917396,5.5687933e-05,0.0013225451,0.00034169699,8.7832038e-05,0.00041024185,0.0040903834,0.97142177
20180125-132427-3.jpg,8,8,0.00013909522,0.0005516121,2.6268121e-05,1.4473307e-05,0.00048879605,1.6500446e-05,2.1960092e-05,0.00052442199,0.99821687
20180125-132435-2.jpg,8,8,0.00010767495,0.00010665523,3.9616157e-05,0.00016155013,6.3350368e-05,4.4154356e-06,8.3510829e-05,7.7678348e-05,0.99935555
20180125-132622-3.jpg,8,8,0.0001817052,0.00042940788,2.623148e-05,3.7419238e-05,8.8524031e-05,1.0695168e-05,2.9301657e-05,0.00030843272,0.99888828
20180125-132657-3.jpg,8,8,0.010223003,0.0069992188,0.00010195111,0.00059410601,0.0011776783,2.0623952e-05,0.00013348138,0.02159427,0.95915567
20180125-132826-2.jpg,8,8,0.00015499807,0.00011511932,1.2186162e-05,0.00019373593,7.316315e-05,1.2805955e-05,0.00013806011,0.00020727762,0.99909265
20180125-132930-3.jpg,8,8,0.00014289625,0.00018296438,0.00019586855,2.5024733e-05,6.342641e-05,5.7825765e-05,0.00010854512,0.0017978663,0.99742558
20180125-132933-2.jpg,8,8,0.00021400418,8.1669962e-05,8.3945499e-06,3.6453192e-05,4.7824809e-05,4.9405843e-06,1.311292e-05,0.00023857826,0.99935502
20180125-133054-2.jpg,8,8,0.00023114049,7.3523259e-05,1.4194938e-05,2.328966e-05,2.5554558e-05,9.3624842e-06,1.774835e-05,0.00026820969,0.99933698
20180125-133224-3.jpg,8,8,6.082563e-05,0.00010227112,7.3197983e-05,4.0873171e-06,4.4005722e-05,9.552566e-06,4.2316874e-05,0.00015209301,0.99951165
20180125-133225-2.jpg,8,8,4.7372041e-05,0.00012321743,1.576117e-05,6.780562e-05,1.5617358e-05,1.3138468e-05,0.00012948944,5.6667678e-05,0.99953093
20180125-133341-3.jpg,8,8,0.0069330992,0.0010977446,0.00014545811,0.00058598666,0.00040620998,0.00028556309,0.0010627342,0.0040556825,0.98542752
20180125-133357-2.jpg,8,8,3.9028785e-05,9.2345569e-05,1.3038434e-05,4.8235487e-05,3.3039449e-05,5.2312782e-06,8.2963514e-05,5.5035407e-05,0.99963108
20180125-133416-2.jpg,8,8,0.0003397416,0.00058003799,1.8692858e-05,0.00015232604,9.4444524e-06,0.00016515413,8.6483793e-05,0.00034215752,0.99830596
20180125-133832-3.jpg,8,8,0.0002574868,0.00271888,7.0249076e-05,8.9848415e-05,0.00035169759,0.00013891138,0.0010494941,0.00038283452,0.9949406
20180125-133912-3.jpg,8,8,0.00066780187,0.00301791,2.1905343e-05,1.5284704e-05,4.7849232e-05,5.9452668e-05,5.3119441e-05,0.00128538,0.9948313
20180125-134003-3.jpg,8,8,0.00053608919,0.0014385329,9.6483962e-05,2.3999136e-05,4.8831898e-05,3.3736362e-05,5.4612979e-05,0.00078337795,0.99698434
20180125-134028-3.jpg,8,8,0.00063818705,0.00023322254,0.00021335809,4.7559468e-05,5.9273731e-05,4.0255162e-05,0.00048160477,0.00057067362,0.99771587
20180125-134035-2.jpg,8,8,5.4997338e-05,0.0001154068,2.0493715e-05,5.4645524e-05,2.087466e-05,1.6777926e-05,8.8604913e-05,0.00012105517,0.99950714
20180125-134105-3.jpg,8,8,0.0074988256,0.0068572261,0.00012697619,0.0021133641,0.0039795945,5.6573931e-05,0.00018059553,0.01522129,0.96396555
20180125-134125-3.jpg,8,8,0.00044542741,0.00021545077,1.1316363e-05,3.46297e-05,5.4350115e-05,1.3157956e-05,3.5255364e-05,0.00049134242,0.99869907
20180125-134236-2.jpg,8,8,0.00044630654,0.00010118688,1.4393221e-05,0.00019410005,0.0010759584,6.8598471e-05,9.3570214e-05,0.0019227398,0.99608315
20180125-134309-2.jpg,8,8,0.0015246635,0.00014995694,0.00011755436,0.0010206547,0.00074221976,1.3066592e-05,0.00011234882,0.00032648857,0.99599305
20180125-134413-3.jpg,8,8,0.0070929328,0.0014182937,0.00049357529,0.0019435629,0.013677979,0.00018568352,0.00098525824,0.0086059097,0.96559681
20180125-134542-3.jpg,8,8,0.00079535047,0.00014932734,0.00016548864,0.00019207333,0.0067998476,5.1801529e-05,0.00069067277,0.00022033355,0.9909351
20180125-134552-3.jpg,8,8,0.00055389407,0.00026731601,4.789425e-05,6.8558297e-05,6.0934975e-05,0.00014639427,5.9253945e-05,0.0015744869,0.99722127
20180125-134626-3.jpg,8,8,0.0043521009,0.00096174711,0.00050642052,0.00099874479,0.015100347,0.00011566227,0.00093187458,0.0011801917,0.97585291
20180125-134648-3.jpg,8,8,0.030188652,0.0017373203,0.00019170145,0.0050462766,0.0069569755,0.0001689073,0.00013127549,0.021494871,0.93408402
20180125-134702-2.jpg,8,8,0.00010577556,0.00034288515,1.2415057e-05,3.1624678e-05,2.2040964e-05,7.7903585e-05,6.7380535e-05,0.00026936545,0.99907061
20180125-134716-2.jpg,8,8,0.0025891666,0.0020260271,3.9824893e-05,0.00012095264,0.00031113743,2.186488e-05,2.8316027e-05,0.0012093437,0.99365337
20180125-134828-3.jpg,8,8,0.00019116421,7.5930413e-05,3.0103387e-05,1.0516424e-05,8.2653274e-05,1.1846742e-05,3.8570813e-05,0.00035457716,0.99920464
20180125-134850-3.jpg,8,8,0.0001880923,0.00011993515,6.3667018e-05,1.6593295e-05,0.00022647588,2.2815247e-05,9.3977516e-05,0.0002047432,0.9990637
20180125-134902-2.jpg,8,8,0.00052556712,0.00036055921,5.7428736e-06,2.8001286e-05,6.8753922e-05,1.3530586e-05,2.8300694e-05,0.002757623,0.99621192
20180125-135006-2.jpg,8,8,6.0267844e-05,6.7109853e-05,1.4989783e-05,1.8175704e-05,4.0243026e-05,2.7564253e-06,1.6234441e-05,4.6496865e-05,0.99973373
20180125-135018-3.jpg,8,8,0.0010889656,0.00029349543,0.00010512381,1.7082207e-05,0.00019502335,1.6129395e-05,5.3897317e-05,0.0019937401,0.99623654
20180125-135026-3.jpg,8,7,0.0026166937,0.0023414187,0.00013077729,0.00018063249,0.00011983141,0.0017255674,0.0010100213,0.65606814,0.33580692
20180125-135121-2.jpg,8,8,0.00012589331,0.000126247,8.9283908e-06,5.6069953e-05,9.6516202e-05,3.2938116e-06,2.2912224e-05,0.00013026351,0.99942988
20180125-135132-2.jpg,8,8,0.00034188651,0.00083961374,4.3874192e-05,0.0004596878,2.1607298e-05,6.3041047e-05,0.00015543264,0.00025253868,0.99782232
20180125-135214-2.jpg,8,8,0.006557356,0.0016524362,0.00052884372,0.037316125,0.0064845519,0.0001095459,0.00049460063,0.00046319531,0.94639335
20180125-135234-2.jpg,8,8,0.010399095,0.0058335162,0.00034628461,0.0043360838,0.003542309,1.7370049e-05,0.00017913629,0.0018669711,0.97347923
20180125-135349-3.jpg,8,8,0.00036979312,5.1816098e-05,6.8810586e-05,3.2780766e-05,3.5994996e-05,1.4778759e-05,3.6489435e-05,0.0011686166,0.99822092
20180125-135404-3.jpg,8,8,0.00010655766,9.5104972e-05,4.7917551e-05,1.7528462e-05,7.2737866e-05,6.064736e-06,4.0372278e-05,0.00045540798,0.99915831
20180125-135509-3.jpg,8,8,0.0026267382,0.00032395125,3.0186083e-05,4.5893079e-05,8.0341838e-05,7.1403135e-05,8.8129036e-05,0.013103753,0.9836296
20180125-135527-3.jpg,8,8,0.0024624691,0.00016795405,4.6299056e-05,0.00022522347,0.00018652379,3.0412251e-05,4.6696096e-05,0.0021254707,0.99470895
20180125-135621-3.jpg,8,8,0.0023111251,0.00044398714,2.1173997e-05,8.6541798e-05,0.00084681327,3.0154777e-05,7.8997674e-05,0.0067764223,0.98940478
20180125-135651-3.jpg,8,8,0.00037891728,0.00012194969,2.5621305e-05,3.4494577e-05,6.322569e-05,2.5667675e-05,3.635153e-05,0.0011431965,0.99817058
20180322-102414-2.jpg,8,8,7.3131257e-05,0.00011236888,2.2415816e-05,4.3402974e-05,6.1295755e-05,9.4412687e-06,2.3649507e-05,0.00028612254,0.99936817
20180322-102617-2.jpg,8,8,0.0001072345,0.00013924103,1.0661352e-05,4.3144358e-05,0.00016481107,3.7094882e-06,2.9718353e-05,0.00016429589,0.99933718
20180322-102724-1.jpg,8,8,0.00019738337,0.0001309959,4.7074548e-05,0.00071085061,0.001703177,1.2941608e-05,4.1358042e-05,0.00022830953,0.99692791
20180322-102731-2.jpg,8,8,9.6206529e-05,0.00016208957,1.2501852e-05,6.824627e-05,2.5680521e-05,5.5804962e-06,1.8047632e-05,0.00015715562,0.99945449
20180322-102756-2.jpg,8,8,0.00016784676,0.00050622092,1.9386284e-05,0.0002101412,0.00021178539,1.1036675e-05,2.6160078e-05,0.0034509938,0.99539643
20180322-102956-1.jpg,8,8,0.00012657071,0.00012808049,2.6842849e-05,6.7370903e-05,0.0015191092,1.006979e-05,1.3260093e-05,0.00013070092,0.997978
20180322-103028-1.jpg,8,8,0.00013161493,0.00019505841,3.8617108e-05,0.00012620576,0.00018478738,9.0986233e-06,1.3986004e-05,0.0001354657,0.99916517
20180322-103121-1.jpg,8,8,8.0434013e-05,0.00015140243,2.2689392e-05,0.00011903712,0.0001977997,3.8315336e-06,2.5988315e-05,0.00022201451,0.9991768
20180322-103258-2.jpg,8,8,0.00053479047,0.0029559186,4.6538963e-05,3.9372735e-05,0.00024928796,4.9390001e-05,1.9311274e-05,0.00046505803,0.99564033
20180322-103624-2.jpg,8,8,3.1320188e-05,0.00018409996,4.5684528e-05,1.651998e-05,2.2953037e-05,8.9791574e-06,2.6572358e-05,0.00012837135,0.9995355
20180322-103659-1.jpg,8,8,0.0020588335,0.0008203965,0.00012868959,0.00030793006,0.0022986581,2.6656758e-05,1.254388e-05,0.00013194788,0.99421434
20180322-103725-1.jpg,8,8,0.0031795473,0.0033862777,0.0005471661,0.00080086335,0.0034544347,0.033636811,0.00013913137,0.0048866327,0.94996914
20180322-103903-2.jpg,8,8,0.00023378762,0.0014731514,6.2034547e-05,6.6320331e-05,0.0023834715,1.5352355e-05,4.8864241e-05,0.00036354108,0.99535348
20180322-103917-2.jpg,8,8,4.9754275e-05,0.00043689487,5.2251031e-05,2.9967154e-05,4.0867826e-05,3.3518387e-05,2.128004e-05,0.00011860652,0.99921686
20180322-103939-1.jpg,8,8,0.00028027851,0.00020896895,2.8605686e-05,0.0013899422,0.00040361945,3.6734367e-05,2.2465193e-05,0.00040637591,0.99722301
20180322-104005-2.jpg,8,8,0.0043988957,0.0018507529,6.2775818e-05,0.0002943109,0.0036058631,6.0139949e-05,4.8351385e-05,0.001929203,0.98774971
20180322-104107-1.jpg,8,8,0.0045681996,0.00041102842,0.00021043194,9.8946241e-05,0.00017000652,0.00091226134,1.1038894e-05,0.0015168639,0.99210122
20180322-104336-2.jpg,8,8,0.00046848251,0.00040605507,1.0142431e-05,0.00025774392,0.00074392881,1.0373775e-05,3.9651475e-05,0.00035236249,0.99771126
20180322-104436-1.jpg,8,8,0.00086737397,0.0010794758,4.9482967e-05,0.00013178209,0.00037606682,1.4939896e-05,7.8832521e-06,0.00030758995,0.99716541
20180322-104627-1.jpg,8,8,0.00087136026,0.0016886984,1.4074287e-05,0.00029185306,0.00010485873,6.127233e-05,3.4608709e-05,0.0015813307,0.99535194
20180322-104635-1.jpg,8,8,0.00011736334,0.00044287069,6.900469e-05,0.00011277461,2.966604e-05,5.0433231e-05,2.3159519e-05,0.00012434411,0.99903038
20180322-104949-1.jpg,8,8,0.00028069387,0.00014659212,7.5705353e-05,4.1804746e-05,5.5660791e-05,6.0434473e-05,1.5608256e-05,0.00014530668,0.99917819
20180322-105147-1.jpg,8,8,0.0013240874,0.0009291935,0.00013300959,3.9475605e-05,0.00018833485,7.1126859e-05,2.720795e-05,0.00018402496,0.99710354
20180322-105208-1.jpg,8,8,9.2496142e-05,0.00034454221,4.5284387e-05,4.1831973e-05,6.3221222e-05,1.5496948e-05,1.6078393e-05,0.0001339794,0.99924707
20180322-105321-1.jpg,8,8,0.00010518454,0.00025990429,5.2717892e-05,7.4774045e-05,0.00020815429,1.8781297e-05,9.5587235e-06,8.907925e-05,0.99918185
20180322-105511-1.jpg,8,8,0.00014239071,0.00045632107,0.00010220644,0.00011275146,0.00026231934,3.5940451e-05,2.840688e-05,0.00024279148,0.99861687
20180322-110707-2.jpg,8,8,0.0017867381,5.6274638e-05,0.00017930502,0.00012568226,2.689181e-05,2.9279181e-05,4.051943e-06,0.00026565828,0.99752612
20180322-110721-2.jpg,8,8,0.00038167055,0.00016418396,2.3277386e-05,3.3272141e-05,0.00025380668,2.2856302e-06,1.4340838e-05,0.00014425196,0.99898291
20180322-111104-2.jpg,8,8,0.00034418426,0.00010501432,1.6646903e-05,5.599789e-05,6.6470265e-05,3.1945665e-06,6.3999263e-06,0.00037149013,0.9990306
20180322-111216-2.jpg,8,8,0.0086005291,0.00020589381,0.00017726965,0.0004950344,0.00055593211,6.6350581e-06,2.863483e-05,0.010378914,0.97955116
20180322-111400-2.jpg,8,8,8.911069e-05,3.5199419e-05,3.3666425e-05,2.1128221e-05,2.2890207e-05,6.2636527e-06,1.4562767e-05,4.9914895e-05,0.99972726
20180322-111544-2.jpg,8,8,5.0462535e-05,3.672493e-05,1.4591287e-05,2.1792259e-05,7.4654209e-05,7.8061463e-06,1.3521215e-05,7.6456212e-05,0.99970399
20180322-111625-2.jpg,8,8,0.00045557934,0.00013614225,2.979485e-05,3.5174881e-05,2.8549406e-05,3.2270476e-06,8.4496502e-06,0.00034314714,0.99895994
20180322-111632-1.jpg,8,8,0.011535149,0.0083996087,0.00037817575,0.0067781672,0.076116955,2.5452394e-05,7.6005055e-05,0.0016069912,0.8950835
20180322-111636-2.jpg,8,8,0.0003781112,5.0791144e-05,1.8475951e-05,8.8607395e-05,0.00015117093,1.3916124e-05,2.3920194e-05,9.8160887e-05,0.99917685
20180322-111727-1.jpg,8,8,0.00022714777,0.00018886998,4.4684964e-05,9.7447569e-05,0.001252249,8.0946907e-06,4.6692403e-05,0.00021439456,0.99792042
20180322-111848-1.jpg,8,8,0.00032602128,8.3800462e-05,1.8535532e-05,5.367225e-05,0.00011024121,1.3484202e-05,3.1422818e-05,0.00014673235,0.99921609
20180322-111926-2.jpg,8,8,0.00027593478,0.00021449243,2.1129415e-05,3.201751e-05,1.7523375e-05,3.4652409e-05,1.1093401e-05,0.00014128524,0.99925187
20180322-111950-1.jpg,8,8,0.00071808217,0.00056281666,0.059620903,0.0022751128,0.0028560128,6.8666634e-05,5.6214931e-05,0.00012884768,0.93371334
20180322-112116-2.jpg,8,8,5.2376549e-05,3.7661649e-05,1.2978683e-05,2.5338008e-05,1.3809999e-05,7.9611846e-06,4.4528299e-05,4.0718337e-05,0.99976463
20180322-112118-1.jpg,8,8,0.00021729463,7.0776085e-05,8.6653843e-05,0.00037933636,0.0002038424,4.0698539e-05,4.0775938e-05,8.2580552e-05,0.99887804
20180322-112237-1.jpg,8,8,0.0045663976,9.2850276e-05,0.00010546612,6.6070886e-05,7.3818305e-05,0.00011470066,1.3818719e-05,0.00031487303,0.994652
20180322-112303-1.jpg,8,8,0.0041384741,0.00096529786,0.0012458136,0.24327248,0.0033438338,0.0015380294,8.3129216e-05,0.00098966589,0.74442327
20180322-112331-1.jpg,8,8,0.0043452599,0.00054045277,0.0036828784,0.0052844867,0.00042132166,0.0030468791,1.5385957e-05,0.0014219699,0.98124137
20180322-112444-1.jpg,8,8,0.0051866118,0.00086525698,0.0025755306,0.0018512335,0.00031974265,0.00050861011,3.6221993e-05,0.00071925722,0.98793754
20180322-112455-2.jpg,8,8,8.517421e-05,2.1337972e-05,4.0203394e-06,2.1022461e-05,5.5628286e-06,6.6211522e-06,1.0401061e-05,8.0984495e-05,0.99976488
20180322-112513-2.jpg,8,8,0.006969371,0.00058016667,0.00027804275,0.00042617544,0.00040750504,0.01145608,0.00037936865,0.059342944,0.92016035
20180322-112515-1.jpg,8,8,0.00076955746,8.2153755e-05,0.00010899653,0.00012726817,0.00011919315,0.00014501118,8.8294968e-06,0.00011561299,0.99852338
20180322-112543-2.jpg,8,8,0.00044297722,0.0015254875,2.3468565e-05,0.00012244681,0.00027115491,1.0735079e-05,1.3820869e-05,0.000371246,0.99721866
20180322-112610-1.jpg,8,8,5.4650964e-05,4.5327166e-05,0.00011312569,2.0259309e-05,1.6825822e-05,1.8347698e-05,1.173106e-05,4.9238759e-05,0.99967049
20180322-112621-1.jpg,8,8,0.00023798419,0.0001311758,5.8302145e-05,9.1772529e-05,0.00022744086,1.9197479e-05,2.4434623e-05,0.00061791363,0.99859178
20180322-112651-2.jpg,8,8,0.00019036386,0.0002683881,3.1814992e-05,4.122829e-05,0.00013509552,3.1824e-06,2.6929205e-05,8.282873e-05,0.99922017
20180322-112823-2.jpg,8,8,0.0011939053,0.00023447951,2.7356999e-05,0.00020267313,6.2437333e-06,0.00061436334,7.2310863e-05,0.00028203306,0.99736663
20180322-112931-2.jpg,8,8,0.023534035,0.0064952358,0.00036944864,0.00014029914,0.014040583,8.0970827e-05,0.00031920314,0.0033851191,0.95163511
20180322-112942-1.jpg,8,8,5.3616846e-05,8.2777717e-05,0.00015761654,1.6199739e-05,0.00068987551,7.4565567e-06,5.0326069e-05,0.00010389951,0.99883823
20180322-113018-2.jpg,8,8,0.00032751597,0.00011703951,8.408537e-05,4.3153857e-05,4.8976402e-05,8.9739846e-06,5.7101053e-05,8.4154081e-05,0.999229
20180322-113102-2.jpg,8,8,5.6636931e-05,0.00018046947,1.9037059e-05,4.8561869e-05,0.00011426363,1.1031885e-05,2.415477e-05,0.00012046665,0.99942538
20180322-113145-2.jpg,8,8,0.00038633525,5.3312842e-05,5.6064111e-05,0.000127148,0.00013348071,4.4062467e-06,2.4319219e-05,0.00045054638,0.99876439
20180322-113220-2.jpg,8,8,0.00025245984,8.6706987e-05,1.2016552e-05,0.00035936274,1.2483344e-05,9.155206e-06,1.704088e-05,0.00010191756,0.99914886
20180322-113325-2.jpg,8,8,0.00088656982,4.9341218e-05,3.5221104e-05,4.4304154e-05,1.5777623e-05,2.1546896e-05,4.0515848e-05,0.00089935833,0.99800737
20180322-113332-2.jpg,8,8,0.0012626601,0.00086522519,4.5386449e-05,0.00075476094,0.0001585832,5.9107284e-06,6.843576e-06,0.000131229,0.9967694
20180322-113444-1.jpg,8,8,0.00016480418,4.2477405e-05,2.1194108e-05,5.6528393e-05,8.8723592e-05,7.3180257e-06,1.1626777e-05,9.7868778e-05,0.99950946
20180322-113559-2.jpg,8,8,0.00020165503,0.00028144732,1.2254823e-05,6.4211761e-05,6.8222871e-05,4.8044007e-05,1.0960126e-05,0.00041415362,0.99889905
20180322-113612-1.jpg,8,8,0.00019228883,7.6996412e-05,7.9045149e-06,2.6805001e-05,7.4929143e-06,1.4667725e-05,4.7718897e-06,0.00037869355,0.99929038
20180322-113627-2.jpg,8,8,0.00020166277,0.00025359983,2.0641276e-05,0.00013958239,0.00047548701,2.2686269e-06,3.2893504e-05,0.00020863767,0.99866523
20180322-113734-2.jpg,8,8,6.5234703e-05,0.00012898425,1.8463546e-05,0.00015232334,0.00043636314,2.1636572e-06,3.0893861e-05,4.0521232e-05,0.99912505
20180322-113838-1.jpg,8,8,3.0442791e-05,3.2914639e-05,6.3771551e-06,2.691057e-05,1.0990447e-05,4.1104152e-06,2.8385136e-05,9.3837462e-05,0.99976603
20180322-113857-1.jpg,8,8,4.3623932e-05,4.5775036e-05,1.3282686e-05,3.6937803e-05,4.5382645e-05,6.7300161e-06,0.00019881796,3.6610077e-05,0.99957284
20180322-113907-1.jpg,8,8,0.002129322,0.00030059833,4.2215108e-05,4.2272712e-05,3.9272093e-05,0.00011371323,1.5947621e-05,0.00022277729,0.99709388
20180322-113946-2.jpg,8,8,4.4290439e-05,4.0528633e-05,6.7482181e-06,3.8669334e-05,0.00015516194,3.3596558e-06,3.2854296e-05,5.1468838e-05,0.99962692
20180322-114006-2.jpg,8,8,0.00028024555,0.00011339636,7.2849384e-05,0.0011843162,0.0028629997,3.9616858e-05,2.5468246e-05,0.00016326543,0.99525784
20180322-114023-1.jpg,8,8,0.00018541921,6.3487932e-05,1.7057897e-05,3.7391849e-05,2.4657534e-05,9.5382723e-06,1.5338414e-05,0.00014470896,0.9995024
20180322-114034-1.jpg,8,8,0.0015460663,0.00051145686,0.00024174235,0.00029395751,0.00025974144,0.0017452226,3.078592e-05,0.005768586,0.98960244
20180322-114043-1.jpg,8,8,0.052560357,0.0012156715,0.00028800035,0.00012771014,0.0027440167,0.025915908,0.00066657534,0.056903039,0.85957872
20180322-114053-1.jpg,8,8,4.8482612e-05,3.6301988e-05,5.5786712e-05,0.00015911341,7.4041868e-05,1.4683441e-05,1.8981082e-05,2.4951844e-05,0.99956766
20180322-114111-2.jpg,8,8,4.802227e-05,0.0001046103,7.8575783e-06,0.00011319283,2.7178415e-05,1.6299118e-05,5.859893e-05,3.4987932e-05,0.99958925
20180322-114129-1.jpg,8,8,8.0762062e-05,2.9470215e-05,2.7088072e-05,7.6084462e-05,3.575097e-05,2.1974647e-05,1.5889914e-05,0.00016393582,0.99954904
20180322-114132-2.jpg,8,8,2.8969159e-05,6.1892412e-05,6.7343988e-06,2.0900944e-05,2.4974335e-05,3.359989e-06,3.6798442e-05,4.586006e-05,0.99977051
20180322-114209-2.jpg,8,8,5.6519748e-05,3.9990716e-05,1.1284347e-05,1.2554871e-05,1.3906814e-05,6.9052181e-06,2.0441336e-05,6.6196191e-05,0.9997722
20180322-114246-1.jpg,8,8,3.1860668e-05,5.6157351e-05,1.9683778e-05,2.9963698e-05,1.1344117e-05,7.6702103e-06,3.733864e-05,5.72069e-05,0.99974877
20180322-114250-2.jpg,8,8,0.00016105709,4.1183869e-05,1.6248703e-05,0.00026707096,7.1441018e-05,0.0001776676,3.6424151e-05,0.00012948204,0.99909942
20180322-114402-1.jpg,8,8,0.00052756409,5.1327244e-05,3.446959e-05,0.00010273751,4.6414955e-05,1.0848061e-05,1.175021e-05,0.00018809367,0.99902679
20180322-114618-2.jpg,8,8,3.0438527e-05,0.0001440796,1.0249292e-05,1.4314218e-05,2.3390584e-05,9.3694823e-06,2.2877996e-05,0.00024856606,0.99949671
20180322-114647-2.jpg,8,8,0.00010145894,2.3630305e-05,5.9659959e-06,3.7638671e-05,0.00012371419,9.1588394e-06,3.7119328e-05,8.5910444e-05,0.9995754
20180322-114800-1.jpg,8,8,6.6033211e-05,1.3769979e-05,8.6603115e-06,5.4589817e-05,4.695224e-05,9.9213496e-06,1.6227734e-05,4.2025705e-05,0.99974182
20180322-114914-2.jpg,8,8,0.00011414404,0.00031983454,1.6531198e-05,2.7581961e-05,8.8526759e-05,1.2761075e-05,3.8980178e-05,0.00039047769,0.99899116
20180322-115147-1.jpg,8,8,0.0001294488,8.4743597e-05,6.6949051e-05,2.0468287e-05,2.188323e-05,2.4384689e-05,1.1059577e-05,5.5144228e-05,0.99958592
20180322-115252-1.jpg,8,8,0.0091896235,0.00032217108,0.0019093876,0.00014009718,0.00014562896,0.00014191696,2.4021855e-05,0.00015773037,0.98796942
20180322-115328-1.jpg,8,8,0.00030481285,8.2552236e-05,7.2159932e-05,2.5136539e-05,2.2380938e-05,3.6162641e-05,6.1326216e-06,0.00010606614,0.9993446
20180322-115347-1.jpg,8,8,0.00015943857,7.4729351e-05,3.373177e-05,3.1159738e-05,6.4461727e-05,7.8949522e-06,1.0053238e-05,4.829656e-05,0.99957023
20180322-115551-2.jpg,8,8,0.00015806358,0.00026223765,1.3123858e-05,0.00013636782,0.0003135208,8.3342123e-06,2.6615562e-05,0.00010679835,0.99897494
20180322-115652-2.jpg,8,8,0.00026968809,0.0014287947,5.150619e-05,0.00030226985,0.00017318375,0.00010771521,0.00028969291,0.0019195532,0.9954576
20180322-115939-2.jpg,8,8,0.00020456039,6.6648486e-05,3.7669855e-06,7.8297652e-05,3.6335543e-05,1.0267662e-05,1.2766547e-05,0.00020986564,0.99937749
20180322-120244-2.jpg,8,8,0.00017420539,5.38673e-05,1.0984189e-05,7.1905397e-05,1.338343e-05,3.7492561e-06,3.0223771e-05,6.0566327e-05,0.99958111
20180322-120303-2.jpg,8,8,7.5033348e-05,9.1341445e-05,1.1708659e-05,4.0723895e-05,5.5883299e-05,4.2595388e-06,3.4365537e-05,5.8353842e-05,0.99962833
20180322-120442-2.jpg,8,8,6.2493241e-05,1.996626e-05,4.8372347e-05,5.2010554e-05,0.0003294909,1.7902239e-05,4.5326266e-05,3.9796672e-05,0.99938464
20180322-120622-2.jpg,8,8,0.00039270757,4.6517267e-05,1.8539087e-05,3.5861964e-05,4.3201757e-05,1.0687097e-05,5.9152985e-06,0.00046544219,0.99898113
20180322-120634-2.jpg,8,8,0.00079962777,0.00020344154,1.789421e-05,0.00010199554,0.00045268083,9.3192619e-06,1.870154e-05,0.0018483172,0.99654802
20180322-121057-2.jpg,8,8,0.00034470376,0.001810406,2.9546726e-05,0.00038744999,0.00014315195,4.3802489e-05,0.00039684873,0.0099296889,0.9869144
20180322-121127-2.jpg,8,8,0.0036195056,0.00014944682,4.7778716e-05,0.00011423216,0.00015159361,4.7577503e-06,2.8534544e-05,0.0037567648,0.99212739
20180322-121141-2.jpg,8,8,0.00017967169,0.0002627659,3.5694434e-05,0.0019214114,0.0011273033,0.00019915912,0.00017158307,0.004272358,0.99183005
20180322-121232-2.jpg,8,8,0.0001948958,0.00016974966,2.7049163e-05,1.8345465e-05,6.6026811e-06,1.1052522e-05,6.4782771e-06,0.00014403953,0.99942179
20180322-121250-2.jpg,8,8,0.00015765545,7.5331753e-05,8.9927642e-06,3.5259928e-05,3.5896122e-05,2.1045372e-06,4.084109e-06,0.00015791627,0.99952276
20180322-121335-2.jpg,8,8,0.00016344337,0.0002269286,7.6590274e-06,0.00034352455,5.5004529e-05,4.5237275e-05,2.6250654e-05,0.00012729659,0.99900466
20180322-121400-2.jpg,8,8,0.00012965706,7.0160766e-05,1.4114682e-05,3.1309363e-05,1.0477277e-05,2.1176475e-05,1.5608125e-05,0.00012905292,0.99957844
20180322-121546-2.jpg,8,8,0.00014849833,0.0001231622,1.8669801e-05,0.00026259245,7.7999509e-05,2.8801715e-06,1.5668304e-05,4.5032137e-05,0.9993055
20180322-121610-2.jpg,8,8,0.00012352999,0.0001120639,1.3440337e-05,7.2401006e-05,4.9698665e-05,4.4871976e-06,1.2935116e-05,3.9008264e-05,0.99957244
20180322-121633-2.jpg,8,8,0.00019602599,0.00014106202,1.7252686e-05,0.00014930285,0.0001273919,1.5250655e-06,1.4154663e-05,0.00015705196,0.99919623
20180322-124504-1.jpg,8,8,4.8483445e-05,8.9284536e-05,9.4758713e-06,6.5114448e-06,1.7088311e-05,8.7239804e-06,3.1557784e-05,0.00011624759,0.99967263
20180322-124734-1.jpg,8,8,5.6722937e-05,5.1500368e-05,1.4779384e-05,7.5446817e-05,0.00037589777,4.0948411e-06,3.1298396e-05,3.5494323e-05,0.99935477
20180322-124804-1.jpg,8,8,6.8937471e-05,0.00027325123,2.0617119e-05,0.00013908424,8.1918588e-05,8.9058398e-06,3.9932489e-05,0.00013787831,0.99922947
20180322-124907-1.jpg,8,8,3.1247905e-05,0.00011736317,7.1170638e-05,0.00016539142,9.6530991e-05,1.1065618e-05,5.2355668e-05,3.0300347e-05,0.99942457
20180322-124924-1.jpg,8,8,0.0023010226,0.0039521693,0.00078163328,0.0019264946,0.0057025919,0.054660116,0.00078651824,0.040778225,0.88911123
20180322-125040-1.jpg,8,8,3.6101317e-05,9.7630622e-05,4.1186095e-05,7.1883611e-05,2.2166168e-05,1.2915395e-05,1.9993616e-05,4.8009644e-05,0.99965011
20180322-125050-1.jpg,8,8,0.0001230003,0.00054627978,4.6081659e-05,0.00020401731,2.3099639e-05,0.00069509483,3.6886004e-05,0.00037971992,0.99794582
20180322-125116-1.jpg,8,8,0.00010698538,0.00023829427,4.1974099e-05,0.0007476973,0.00034960415,0.00038116515,0.00012310215,0.00038975759,0.99762142
20180322-125223-1.jpg,8,8,0.0001167492,0.00014393501,3.9766384e-05,5.4750352e-05,2.4146435e-05,1.2555432e-05,2.5931195e-05,0.00010182896,0.99948034
20180322-125406-1.jpg,8,8,0.00026234458,0.001072259,0.00016282472,0.0018838517,0.0016115686,0.00056824619,0.00045411758,0.0095339242,0.98445086
20180322-125451-1.jpg,8,8,0.00011896506,0.00017706327,2.1536131e-05,9.2770159e-05,6.4933884e-05,4.7241199e-06,1.7497381e-05,0.00020951141,0.999293
20180322-125459-1.jpg,8,8,7.3030566e-05,0.0001953802,2.7619472e-05,4.3001074e-05,5.473013e-05,5.7158625e-06,1.2443328e-05,0.00012133325,0.99946675
20180322-125534-1.jpg,8,8,0.00022099454,0.00055669452,5.3636283e-05,0.00014907609,0.00011416626,6.1044719e-06,2.3914278e-05,0.00025890031,0.99861651
20180322-125547-1.jpg,8,8,0.00023131137,0.0005889495,0.00029861336,0.00063982268,0.00072457527,2.4219731e-05,8.2878747e-05,6.8483769e-05,0.99734115
20180322-125637-1.jpg,8,8,0.00011717362,0.0007754218,3.2677892e-05,4.6700185e-05,3.3169866e-05,1.4808339e-05,1.2627244e-05,0.00013125467,0.99883617
20180322-125656-1.jpg,8,8,0.00011196511,0.00086933125,6.2094937e-05,0.00026464663,0.00018505045,4.9469962e-05,3.4833103e-05,6.2246822e-05,0.99836036
20180322-125752-1.jpg,8,8,0.00018892823,0.00043642063,3.0466983e-05,8.088292e-05,0.0003095825,1.1113557e-05,2.486195e-05,0.0001311074,0.99878664
20180322-125838-1.jpg,8,8,0.00030180204,0.00054386545,9.4325092e-05,0.0034357104,9.0252618e-05,9.0010743e-06,1.0366653e-05,6.4019052e-05,0.99545066
20180322-125907-1.jpg,8,8,7.777776e-05,0.00017104803,4.9716213e-05,6.6257079e-05,8.4739975e-06,2.9368971e-05,6.9977967e-06,9.3225777e-05,0.99949713
20180322-125915-1.jpg,8,8,0.00017621948,0.00022779955,1.3159302e-05,5.6343712e-05,9.4535031e-05,3.808241e-06,5.8118123e-06,7.7787548e-05,0.99934454
20180322-125932-1.jpg,8,8,5.7250888e-05,0.00027002589,2.5111896e-05,0.00025695121,5.5159941e-05,6.1364569e-06,2.074474e-05,4.6966247e-05,0.99926165
20180322-125940-1.jpg,8,8,0.0001652095,0.00029059777,0.00016687367,0.00011452573,8.0412319e-05,2.0379794e-05,1.0524759e-05,0.00010797279,0.9990435
20180322-125948-1.jpg,8,8,9.6064958e-05,0.0003580099,2.9518394e-05,8.7773195e-05,5.9611889e-05,9.9904345e-06,6.2924098e-06,5.6384643e-05,0.99929635
20180322-130042-1.jpg,8,8,0.00017957215,0.00033109385,6.1072515e-05,9.5669329e-05,0.00018970933,9.156214e-06,9.9403215e-06,0.0001478555,0.99897593
20180322-130118-1.jpg,8,8,0.00032140056,0.0034962391,4.7521877e-05,0.00032054243,8.5430939e-05,8.4057076e-06,2.250102e-05,0.0012171139,0.99448084
20180322-130245-1.jpg,8,8,5.6019253e-05,0.00017520929,1.0393803e-05,8.5430952e-06,1.3715623e-05,1.5168585e-05,1.3336441e-05,6.9496005e-05,0.99963812
20180322-130402-1.jpg,8,8,7.9062777e-05,0.00014890717,1.0282465e-05,1.9183952e-05,1.7943769e-05,4.4545688e-06,1.1723839e-05,7.0108524e-05,0.99963833
20180322-130419-1.jpg,8,8,4.6407499e-05,3.2994821e-05,7.0687596e-06,2.3840034e-05,9.8804987e-06,1.2095788e-05,2.2313243e-05,0.00011801229,0.99972739
20180322-130450-1.jpg,8,8,7.3667254e-05,0.00010224174,7.2180145e-06,2.6048162e-05,7.4235779e-05,5.3692085e-06,3.7338535e-05,0.00011806643,0.99955581
20180322-130616-1.jpg,8,8,9.2839203e-05,0.00029123713,9.5116158e-06,3.7753862e-05,6.1772973e-05,6.647179e-06,1.7434898e-05,0.00019589689,0.99928691
20180322-130632-1.jpg,8,8,3.7056788e-05,3.7379561e-05,8.6728199e-06,4.746203e-05,1.6036288e-05,1.101671e-05,7.6610717e-05,4.7011848e-05,0.99971875
20180322-130724-1.jpg,8,8,0.00015538442,0.00031289508,6.8180332e-06,0.00010368076,9.8716187e-05,2.7891689e-05,2.9734349e-05,0.00034014374,0.99892474
20180322-130856-1.jpg,8,8,0.00018027737,0.00023101855,5.1947131e-05,5.0264803e-05,0.0051728419,6.8404244e-06,4.9974455e-05,0.00014596287,0.99411087
20180322-130914-1.jpg,8,8,0.00014341665,0.001084746,3.3846247e-05,6.018819e-05,0.00013458231,2.0859073e-05,7.507699e-05,0.00054453344,0.99790275
20180322-131305-1.jpg,8,8,6.9636625e-05,0.00013809954,1.8084695e-05,0.00013171031,0.00012291219,3.791494e-06,3.6431148e-05,0.00014175503,0.99933758
20180322-131630-1.jpg,8,8,0.00045077168,0.00110558,8.4943854e-05,5.3133317e-05,0.0012649474,2.0175206e-05,5.6131619e-05,0.00055531745,0.996409
20180322-131648-1.jpg,8,8,0.0019240012,0.0020856803,0.00013160512,0.00026139752,0.00029829568,1.1470832e-05,1.4105131e-05,0.00044820414,0.99482524
20180322-131811-1.jpg,8,8,0.0001422456,4.6754308e-05,4.6603118e-05,5.8321046e-05,0.00093276291,1.740209e-05,3.8689863e-05,0.00014749284,0.99856973
20180322-131840-1.jpg,8,8,0.00029521937,8.6966112e-05,1.613143e-05,0.00017349446,2.0339489e-05,2.1349614e-05,2.7152187e-05,3.7332297e-05,0.99932202
20180322-132206-1.jpg,8,8,0.0001030917,0.0001651201,5.0993893e-06,3.0646208e-05,0.00017964328,5.4853451e-06,3.6949637e-05,0.00058769279,0.99888627
20180322-132245-1.jpg,8,8,6.910904e-05,0.00023944084,2.8071834e-05,0.00011896898,1.757169e-05,6.4422544e-06,1.1387102e-05,0.0001184634,0.99939054
20180322-132351-1.jpg,8,8,0.00030162816,2.5131704e-05,8.5595053e-05,2.1280673e-05,0.00046203062,8.9750696e-06,3.1569896e-05,5.487995e-05,0.99900891
20180322-132456-1.jpg,8,8,0.00036739792,0.00081457282,5.7274065e-05,0.00043856324,0.00063823815,6.2867336e-06,3.8905612e-05,0.00010045935,0.9975383
20180322-132648-1.jpg,8,8,7.9282975e-05,0.00011902785,5.4742238e-05,5.3243288e-05,0.00032366398,3.2285545e-06,2.7650281e-05,0.00012035676,0.9992188
20180322-132707-1.jpg,8,8,0.00011268377,0.0014865143,5.2595964e-05,5.6976419e-05,2.9067529e-05,9.2173048e-06,2.2260154e-05,0.000332776,0.99789791
20180322-132913-1.jpg,8,8,0.00010490066,0.0011079559,3.8806466e-05,9.6775403e-05,0.00010806443,1.6571009e-05,5.3910076e-05,0.00014890078,0.99832412
20180322-133029-1.jpg,8,8,0.00041580583,0.00019952807,3.0722478e-05,0.00026060326,0.0055246341,2.7276861e-05,3.5489366e-05,0.00016209859,0.99334384
20180322-133149-1.jpg,8,8,0.00013808948,0.00077537776,7.7094634e-05,0.00041161551,0.00085944677,1.307016e-05,6.3658251e-05,5.9377322e-05,0.99760227
20180322-133614-1.jpg,8,8,3.1518508e-05,9.7289834e-05,6.1058029e-05,1.1592814e-05,0.00010450991,4.5448741e-06,2.9429124e-05,6.6817738e-05,0.99959324
20180322-133710-1.jpg,8,8,0.0010633429,6.8127483e-05,0.003861656,0.00044173874,0.0026525406,2.6692845e-05,0.00013439302,0.00071897233,0.99103254
20180322-133743-1.jpg,8,8,5.3879327e-05,0.00019081922,0.00095266786,4.6620268e-05,0.004011659,1.0581924e-05,4.4520746e-05,7.1862461e-05,0.99461739
20180322-133752-1.jpg,8,8,3.6766401e-05,0.0002951438,0.00014768988,8.528674e-05,0.00041642305,2.026319e-05,0.0001315475,4.567823e-05,0.9988212
20180322-133802-1.jpg,8,8,2.9484444e-05,0.0002054623,4.3824067e-05,4.2296921e-05,0.00014885577,8.5333362e-06,4.9230894e-05,7.3519025e-05,0.99939879
